Mixture	B cells naive	B cells memory	Plasma cells	T cells CD8	T cells CD4 naive	T cells CD4 memory resting	T cells CD4 memory activated	T cells follicular helper	T cells regulatory (Tregs)	T cells gamma delta	NK cells resting	NK cells activated	Monocytes	Macrophages M0	Macrophages M1	Macrophages M2	Dendritic cells resting	Dendritic cells activated	Mast cells resting	Mast cells activated	Eosinophils	Neutrophils	P-value	Correlation	RMSE
Hayashi_MPAM03PT01	0.02410128262131710	0.02091529579107141	0.00287568826440742	0.01505190255016927	0.01049556714960203	0.21478409317514796	0.02337562259076085	0.00902719437550000	0.00595021241681607	0.00000000000000000	0.09687157413179706	0.00000000000000000	0.01683209865829625	0.24095886914872192	0.01019346345851214	0.10962142873442632	0.02071700097543129	0.01774024345804540	0.00816130591914119	0.01776038889636255	0.09233129298313870	0.04223547470133502	0.00000000000000000	0.68862585616513994	0.76494400897179038
Hayashi_MPAM06PT09	0.02402935979033713	0.00874923627955063	0.01030741068126007	0.11156526107233608	0.07721976738477204	0.32877902427361883	0.00065054543322871	0.00000000000000000	0.00000000000000000	0.00000000000000000	0.11804760748984057	0.00000000000000000	0.04320432154317479	0.05347242004830307	0.00967088628129513	0.09070651050058788	0.01625098701917417	0.01779084935241424	0.03033380784707188	0.01032422730775778	0.04032186320503360	0.00857591449024353	0.00000000000000000	0.83084635225368753	0.66428640121189964
Hayashi_MPAM06PT10	0.00834631092765531	0.02545631573837122	0.00000000000000000	0.11892560426143814	0.04638415466201834	0.27309905846477589	0.00266068817394816	0.00000000000000000	0.00000000000000000	0.00000000000000000	0.08570335607138646	0.00000000000000000	0.02001566708167148	0.17784796078840984	0.01147629581814542	0.10291876398235227	0.00731280387358586	0.01801089022773218	0.02547324659251796	0.00061415190643138	0.04688306529409933	0.02887166613546071	0.00000000000000000	0.82067769781095457	0.67842166061963349
Hayashi_MPAM06PT11	0.01238042170922432	0.02159457506839147	0.00985180907550725	0.07480469353037184	0.09864363355936061	0.27667222478382469	0.00000000000000000	0.00000000000000000	0.00000000000000000	0.00000000000000000	0.07993514089888905	0.00000000000000000	0.02849675536379645	0.07620996598346137	0.00651721397061175	0.15151618836691902	0.01363040043538286	0.02072709646979490	0.06690329684595822	0.00361383501127937	0.03926527529192893	0.01923747363529738	0.00000000000000000	0.82095329731557609	0.69449215382468732
Hayashi_PAM02PT09	0.03586681052977923	0.00365207721088166	0.00211481865875171	0.04803541285003005	0.00000000000000000	0.22518787309863197	0.00823904387100860	0.02677625174594526	0.00685310334301383	0.00000000000000000	0.08726771537747477	0.00000000000000000	0.02576872039209365	0.11196300517601221	0.01020893044695476	0.22801530754558827	0.00000000000000000	0.03418001349487415	0.03305837381995342	0.01534588384985005	0.05640088996981034	0.04106576861934599	0.00000000000000000	0.78770565997219921	0.71861043509977629
Hayashi_PAM02PT10	0.02056644211508834	0.03111759698955615	0.01366985503505443	0.03720906822291625	0.00000000000000000	0.19981548513809533	0.00517589766175402	0.03018944707946834	0.02117035001246220	0.00000000000000000	0.09120037555261430	0.00000000000000000	0.02028657146501740	0.17428535274640808	0.01840457447622545	0.14005498647573980	0.01805121402439003	0.02268236934437022	0.01746416173433196	0.00883049148894668	0.08504478667933625	0.04478097375822501	0.00000000000000000	0.78527410727122338	0.71973691350525848
Hayashi_PAM02PT11	0.02020978341825135	0.03166694211373671	0.00617845352370618	0.04079312281409297	0.00000000000000000	0.23418065729318557	0.00844175985847943	0.03811284515229276	0.00000000000000000	0.00000000000000000	0.07648782351504399	0.00000000000000000	0.02503583888327223	0.13620276943920651	0.01125960400546621	0.20668676040489573	0.00692673214083241	0.03790109448741883	0.02626392863617730	0.00009297198845986	0.05999748534954723	0.03356142697593476	0.00000000000000000	0.76638559293143704	0.73188468520983652
Hayashi_PAM02PT12	0.09003373455748544	0.08954823063277073	0.00000000000000000	0.11871162340264288	0.00000000000000000	0.28208376190134649	0.01089143296811161	0.00433019980292372	0.00000000000000000	0.00000000000000000	0.09194808527857513	0.00000000000000000	0.04050592636799047	0.06754653664970275	0.01809339254179624	0.13577535267743823	0.00000000000000000	0.01251932044430552	0.00666185935566359	0.00107861048271800	0.01357015994125616	0.01670177299527327	0.00000000000000000	0.81864016268334427	0.68914121150527685
Hayashi_PAM02PT13	0.05144358442511342	0.06553928503015403	0.00000000000000000	0.08288647034629149	0.04175727909465688	0.25260914412236340	0.03028478724448495	0.00000000000000000	0.00000000000000000	0.00000000000000000	0.07530395021491308	0.00000000000000000	0.03803350862021174	0.06767669376593981	0.03602755998982527	0.14566331186362799	0.00431358060026502	0.01523304096284320	0.02405873750340197	0.00000000000000000	0.02717437050511903	0.04199469571078866	0.00000000000000000	0.87766069811596081	0.66729377062931705
Hayashi_PAM02PT14	0.05990279279997691	0.02761752193221556	0.00000000000000000	0.08556028721385590	0.06310155939686846	0.27407952919740869	0.02535762341062047	0.00000000000000000	0.00000000000000000	0.00000000000000000	0.06079251176755726	0.00000000000000000	0.00710287469760557	0.09242474861966236	0.01219302356014841	0.13630476096291189	0.00000000000000000	0.02708193210891319	0.00389322090333036	0.00544576181478528	0.02812365842701398	0.09101819318712563	0.00000000000000000	0.84372062912621870	0.67247604843838171
Hayashi_PAM02PT16	0.01266584817084280	0.02929238940907504	0.00000000000000000	0.01444569855495721	0.00000000000000000	0.27186709368922046	0.01395296410865222	0.03048069576242784	0.00375766175221681	0.00000000000000000	0.08548265909476777	0.00000000000000000	0.01319813737364408	0.13615007191984702	0.01354176704788248	0.17098691519670350	0.00111840692276707	0.05516274243136868	0.00000000000000000	0.02251591975829945	0.07205766624256513	0.05332336256476247	0.00000000000000000	0.42416752030592902	0.90473327278515892
Hayashi_PAM02PT17	0.04572746885818508	0.01671237561296582	0.00000000000000000	0.06013562334259223	0.00675394217285165	0.15242657016629435	0.02274723878387366	0.00745219703882292	0.00000000000000000	0.00000000000000000	0.04753101010329285	0.00000000000000000	0.03303738935387959	0.02047315932040808	0.01058094577390722	0.39793630890515669	0.00000000000000000	0.02655066255208227	0.07098047414664259	0.00000000000000000	0.00000000000000000	0.08095463386904486	0.00000000000000000	0.66405841440686109	0.78295508141037873
Hayashi_PAM02PT18	0.02216403790802191	0.01485162226448692	0.00174585479865904	0.07764197570876205	0.00000000000000000	0.26387818721364742	0.01736528062048187	0.00170375224316543	0.01743624525884754	0.00000000000000000	0.07646914888749869	0.00000000000000000	0.05304799636862913	0.09638707163007346	0.02021921095180074	0.18625837858445030	0.00904180613741268	0.02300901691047398	0.03356658888155106	0.00235685418086286	0.04424002492162040	0.03861694652955441	0.00000000000000000	0.74443277324332213	0.74385774882785605
Hayashi_PAM02PT19	0.00851899688684278	0.00033583932369794	0.00583571464549675	0.06730009993462659	0.00000000000000000	0.10613776814337590	0.02918628968996385	0.00700129035744016	0.00997542638197303	0.00000000000000000	0.08878983683645054	0.00000000000000000	0.05613720910423887	0.12253381804108947	0.01189236248389152	0.22854844683288664	0.00000000000000000	0.00000000000000000	0.02259832527433775	0.00000000000000000	0.03183729138063813	0.20337128468305010	0.00000000000000000	0.71932797578843066	0.72956566962061198
Hayashi_PAM02PT20	0.04720138868127978	0.05803030929578047	0.00000000000000000	0.09695779357775178	0.02881121260637995	0.23872079199781854	0.02722154374855454	0.00000000000000000	0.00000000000000000	0.00000000000000000	0.06547613753882658	0.00000000000000000	0.01491908127678027	0.07474564116951647	0.00727368367680978	0.23635332127210784	0.00000000000000000	0.02894420038891368	0.01847205160320627	0.00000000000000000	0.00390296289495018	0.05296988027132402	0.00000000000000000	0.73746320626251616	0.74505919224457740
Hayashi_PAM02PT21	0.02416495929759864	0.00449191625978512	0.00492606642572406	0.04306690450134902	0.00000000000000000	0.16349420149014277	0.03068491406157039	0.00000000000000000	0.00000000000000000	0.00000000000000000	0.08977979536409240	0.00000000000000000	0.01154307320224225	0.04679192201471809	0.00037566311815301	0.30015494462611259	0.00000000000000000	0.04094570600111203	0.04281791860206546	0.00000000000000000	0.00000000000000000	0.19676201503533414	0.00000000000000000	0.69308116334445069	0.75504447194178859
Hayashi_PAM02PT22	0.00933344881374749	0.03074359697881819	0.00357859528529551	0.03042694960482564	0.00000000000000000	0.23112411792344806	0.00615253981407352	0.01209289819349609	0.02594909153770744	0.00000000000000000	0.06815600714028554	0.00000000000000000	0.00617303950742907	0.15963588230136014	0.01325608918362775	0.18375992819906581	0.00686065747033343	0.03178969098829004	0.02570212173714293	0.00169407205973410	0.05307339136004547	0.10049788190127369	0.00000000000000000	0.75833391902655001	0.72751709834288791
Hayashi_PAM02PT24	0.02599231745942524	0.01396137107281773	0.00197358297266848	0.00784486702374178	0.00000000000000000	0.16923968916044177	0.02070709152521352	0.01884390642118885	0.04906778297689583	0.00000000000000000	0.10097760440759540	0.00000000000000000	0.00804899479952684	0.12951368304644520	0.02171394314946241	0.09577862522561575	0.02229026526516863	0.02630347037743675	0.00000000000000000	0.04509851818531620	0.09172016743822342	0.15092411949281617	0.00000000000000000	0.58334727941124354	0.82375061680645434
Hayashi_PAM02PT25	0.02123588304539025	0.01729266028884691	0.01278090119769880	0.05752606424426297	0.00000000000000000	0.24674320976652073	0.01451260081140774	0.00477012235484344	0.02245235214394280	0.00000000000000000	0.06340493128619887	0.00000000000000000	0.03861965888447007	0.12106393135664532	0.01140597924685936	0.17793209942891364	0.00472384281123559	0.03979663240055153	0.03871192649311280	0.00000000000000000	0.06681368812985491	0.04021351610924430	0.00000000000000000	0.84474263901250979	0.69121642092833824
Hayashi_PAM02PT26	0.01977283531445518	0.02085461684192699	0.00000000000000000	0.01955523400026813	0.00000000000000000	0.29113837410849602	0.01553355051171989	0.01670753783404451	0.00000000000000000	0.00000000000000000	0.08985340080173780	0.00000000000000000	0.01875348985320920	0.13381262589784665	0.02427417946098900	0.16088580183242412	0.01375057984014142	0.03263671499369655	0.00692402484600627	0.01778990405731718	0.06305779357502574	0.05469933623069530	0.00000000000000000	0.79092962361945385	0.71332577858884894
Hayashi_PAM02PT27	0.02954037330463481	0.00000000000000000	0.00663573913724213	0.07396537038507267	0.00000000000000000	0.26588681541842152	0.01680710662326816	0.00294444313888722	0.00712023710009274	0.00000000000000000	0.08630148935038438	0.00000000000000000	0.03592932786751703	0.11124202560475475	0.02710281732770291	0.14859304190930503	0.00520938831219335	0.02124897278560075	0.02229557373254942	0.00358981496298625	0.06179180986358070	0.07379565317580619	0.00000000000000000	0.72710436791660771	0.74933423721037351
Hayashi_PAM02PT28	0.03998280998039290	0.00147725610756350	0.00285681812294181	0.00000000000000000	0.00000000000000000	0.18537666940741857	0.00000000000000000	0.05230046268781980	0.02362493686628364	0.01812496466769037	0.09794437585585465	0.00000000000000000	0.02256958906769393	0.10620400068542900	0.02457650281131292	0.11787043940011305	0.00000000000000000	0.03572399474282412	0.01277821906086331	0.02037819482966955	0.15366987285984854	0.08454089284628057	0.00000000000000000	0.74674556274496962	0.73962662818638758
Hayashi_PAM02PT29	0.00589348927928243	0.02575676885849794	0.00504889434607466	0.04390524365366107	0.00000000000000000	0.20643539504679950	0.01785472017524977	0.00876353017420193	0.00523840586213792	0.00445292550320358	0.04826839787366928	0.00954875096468387	0.03157145619291730	0.12506274494667222	0.01097621343385806	0.20646576722341436	0.00000000000000000	0.05574983978153472	0.03478965802243167	0.00000000000000000	0.06273714450599173	0.09148065415571786	0.00000000000000000	0.72197724040543942	0.75301461813725734
Hayashi_PAM03PT08	0.03628778657200597	0.00000000000000000	0.00236736577610074	0.02816646860150532	0.00000000000000000	0.26331942888550086	0.03305060713473937	0.00000000000000000	0.00000000000000000	0.00000000000000000	0.08405447276118681	0.00000000000000000	0.01847965186245376	0.12847703907920813	0.02572357677492757	0.22052411900000576	0.02237088086848334	0.01859031509167970	0.03280639204768725	0.00000000000000000	0.06672419410312687	0.01905770144138842	0.00000000000000000	0.54375766060586439	0.84839065846085271
Hayashi_PAM03PT09	0.02748185365427890	0.00000000000000000	0.00211914573698654	0.04195420393170685	0.00520678587214937	0.28150319806884183	0.00000000000000000	0.00000000000000000	0.00366851342044439	0.00000000000000000	0.10714681623866666	0.00000000000000000	0.01990577900662434	0.10129814773410481	0.01136518837745830	0.26404800180241261	0.01790426275738037	0.01545907159976776	0.05242049784165456	0.00015925681807543	0.03086551823898775	0.01749375890045966	0.00000000000000000	0.67696344251619567	0.77631289859537689
Hayashi_PAM03PT10	0.02066350658998280	0.11663809081484305	0.00000000000000000	0.04411527934336741	0.09235106721314235	0.32384988379130814	0.01160369232923794	0.00000000000000000	0.00000000000000000	0.00000000000000000	0.09574050325607392	0.00000000000000000	0.00999869778050554	0.12660952101005607	0.00685073028051020	0.12875067569436183	0.00000000000000000	0.00727397817985989	0.00000000000000000	0.01094997297442177	0.00460440074232912	0.00000000000000000	0.00000000000000000	0.83614589553358198	0.66783498300255306
Hayashi_PAM03PT15	0.10427922726555347	0.00000000000000000	0.00000000000000000	0.03491796251216270	0.00000000000000000	0.24748928054232203	0.01024925681399909	0.00000000000000000	0.00000000000000000	0.03296262298818765	0.00869374523058182	0.01501882477365552	0.02684651132974632	0.10217466435395678	0.02467545215044791	0.22469657982467139	0.00596163974087806	0.00977484991116571	0.10028836611895039	0.00000000000000000	0.03860561712270914	0.01336539932101205	0.00000000000000000	0.62169618855579745	0.81370923078516866
Hayashi_PAM03PT16	0.10311396927556314	0.15956127755054461	0.00000000000000000	0.11264294093229466	0.00000000000000000	0.29234823206064336	0.02513518494356414	0.00000000000000000	0.00053600129938632	0.00158025866019289	0.01771428062626187	0.00000000000000000	0.00682619495419866	0.08097836416839421	0.02153487360391622	0.12303787683856854	0.00230681178521103	0.00713362216194567	0.00000000000000000	0.02067706144487591	0.01921254072849404	0.00566050896594447	0.00000000000000000	0.75282545547872082	0.73081315886866172
Hayashi_PAM03PT17	0.05576232895612732	0.00000000000000000	0.00223880185013002	0.07895240394826733	0.00000000000000000	0.22137046273545904	0.00000000000000000	0.00000000000000000	0.00000000000000000	0.00000000000000000	0.09223277810979591	0.00000000000000000	0.01355089867803220	0.10105848356331323	0.02933298806674802	0.32569077774982824	0.01423927053185025	0.00286830589266495	0.03046756272409262	0.00000000000000000	0.02243689135958294	0.00979804583410812	0.00000000000000000	0.62999401755699858	0.79925237013243078
Hayashi_PAM03PT18	0.06808440555972120	0.02153096692629804	0.00000000000000000	0.11595872725731327	0.03145759038990429	0.33883633029940302	0.00695114202729360	0.00000000000000000	0.00000000000000000	0.00000000000000000	0.04140955366710232	0.00276392158935462	0.01644921721893528	0.09756221916228602	0.01361812342738744	0.19145740494844871	0.00000000000000000	0.00372955696079764	0.03330940685881779	0.00000000000000000	0.00757816748779915	0.00930326621913748	0.00000000000000000	0.83674077332298025	0.67170132296662133
Hayashi_PAM03PT19	0.04654507605953428	0.00476182989499164	0.00000000000000000	0.06474284554884184	0.00000000000000000	0.30285710562511037	0.00778851398416178	0.00000000000000000	0.00000000000000000	0.00000000000000000	0.05410298594229244	0.00000000000000000	0.01441229753880560	0.12586570741749298	0.02994027071584576	0.22916628741132244	0.00518898988669581	0.00317050549917482	0.06416837218285149	0.00462927071126851	0.03082413707914202	0.01183580450246820	0.00000000000000000	0.68805459957048265	0.77214773087539057
Hayashi_PAM03PT20	0.05339123648555120	0.00000000000000000	0.00000000000000000	0.03478729221912921	0.00000000000000000	0.25047793424279624	0.00000000000000000	0.00000000000000000	0.00000000000000000	0.00000000000000000	0.05391066038136432	0.00130609102356763	0.01049372797292661	0.14742495410588835	0.04496000993327653	0.32622642147529801	0.00131212511051758	0.00000000000000000	0.04253555532683271	0.00000000000000000	0.01588655636085709	0.01728743536199460	0.00000000000000000	0.64875731294050998	0.78673037699654746
Hayashi_PAM03PT21	0.06481877215398636	0.00000000000000000	0.00000000000000000	0.02960996294289811	0.00000000000000000	0.26371660422032395	0.00187882564440206	0.00000000000000000	0.00033438007937803	0.00479829502756482	0.02721143337928721	0.00601660100757669	0.08102118272230988	0.11808468188360025	0.03386047174845990	0.24786239168216329	0.00464642890272477	0.00000000000000000	0.07394540550153014	0.00000000000000000	0.03052669096267321	0.01166787214112133	0.00000000000000000	0.69876828168747662	0.77013986084756869
Hayashi_PAM03PT22	0.07648581804962000	0.44175574508857196	0.00000000000000000	0.21563970259803189	0.04659140894455442	0.09884689450652140	0.00297336617994238	0.00000000000000000	0.00668117006342459	0.00000000000000000	0.02998839777755916	0.00000000000000000	0.01769792677373295	0.00465625812226084	0.01170776942104882	0.03255706572138809	0.00000000000000000	0.00000000000000000	0.00000000000000000	0.00666381500031086	0.00775466175303272	0.00000000000000000	0.00000000000000000	0.83852864559103379	0.62704298792301905
Hayashi_PAM03PT23	0.09741399962856792	0.00000000000000000	0.00000000000000000	0.05558577443864347	0.00000000000000000	0.33936980212179430	0.01837798631502991	0.00000000000000000	0.00000000000000000	0.00000000000000000	0.10058070519055703	0.00000000000000000	0.01015079234427053	0.05639574158199259	0.02058588120261621	0.24635076068002743	0.00133746285242961	0.00632842844554015	0.00724595765802022	0.01694729320504445	0.01649600983320111	0.00683340450226540	0.00000000000000000	0.60625463991110107	0.81248839530749006
Hayashi_PAM03PT24	0.00572852949980955	0.01966157495455526	0.00000000000000000	0.01924031413220835	0.00000000000000000	0.27051375407951839	0.06627490907277228	0.00000000000000000	0.00000000000000000	0.00000000000000000	0.09003912661756239	0.00000000000000000	0.00869090915245604	0.07073605249685200	0.00833625545706830	0.31707654797778045	0.00726234960075709	0.01951813128540128	0.02517310455332539	0.00052807639480553	0.05687303908573160	0.01434732563939619	0.00000000000000000	0.56751608849839519	0.83545406026816360
Hayashi_PAM03PT25	0.08471395225339987	0.00000000000000000	0.00000000000000000	0.06116871583612628	0.06879908077229009	0.34481527393360972	0.00000000000000000	0.00000000000000000	0.00000000000000000	0.00000000000000000	0.08314983585438418	0.00810130319480423	0.03041380362385934	0.03903668888725421	0.02034282857192411	0.18177575737083099	0.00638497955452990	0.01144993555765759	0.02117112811149886	0.00777371111723529	0.02378377906624770	0.00711922629434761	0.00000000000000000	0.63900831021281745	0.79277190655753027
Hayashi_PAM03PT26	0.02556222056402150	0.00000000000000000	0.00216638484417940	0.05693967902016264	0.01896833136043555	0.24441396596167894	0.01507841612634162	0.00000000000000000	0.00000000000000000	0.00000000000000000	0.04070284457098681	0.00000000000000000	0.02260996664066580	0.03224066805410183	0.04449524681136083	0.40367632027346023	0.00120978232119480	0.00000000000000000	0.05732533347602353	0.00000000000000000	0.02364221584320516	0.01096862413218143	0.00000000000000000	0.66119082634613369	0.78277222759110476
Hayashi_PAM04PT06	0.01775578460684707	0.00801384050197575	0.00264214698309540	0.04646324015449630	0.00000000000000000	0.23219235462961524	0.00325656038376949	0.00493940101260483	0.03707235212958016	0.00000000000000000	0.13101753477625638	0.00000000000000000	0.04315693693923169	0.23361500237362676	0.03454954277427884	0.12069550828712437	0.00108122285180703	0.01093363684381869	0.00183751248113098	0.01831236641182363	0.04146999300870920	0.01099506285020818	0.00000000000000000	0.84829990294338198	0.65775042843418485
Hayashi_PAM04PT07	0.03401869806985985	0.00000000000000000	0.00278133367990676	0.04537997667744719	0.00000000000000000	0.23015071586006150	0.00308163511733012	0.00435544987050708	0.03770294285636559	0.00000000000000000	0.09519191643641771	0.00000000000000000	0.09702549580143512	0.08229729382525529	0.01764639988820416	0.25772574679002580	0.00000000000000000	0.02824353768241072	0.02896776425246909	0.00000000000000000	0.03121154675023229	0.00421954644207180	0.00000000000000000	0.82092261122245946	0.69867670910563473
Hayashi_PAM04PT08	0.03592662238974106	0.00000000000000000	0.00148183997714207	0.01570864203747056	0.00000000000000000	0.21677438177754885	0.00403429273052629	0.00000000000000000	0.00181379097926652	0.00000000000000000	0.04466414633212479	0.01077011829289344	0.03728471271986162	0.04598448693187275	0.01823342395129829	0.30097836182611926	0.00000000000000000	0.01166466293286347	0.20526646455718225	0.00000000000000000	0.03137019422565818	0.01804385833843055	0.00000000000000000	0.58629311368265480	0.82766290649800356
Hayashi_PAM16PT01	0.01682778222536492	0.01073028193763931	0.01571909013635156	0.04029121130360520	0.00000000000000000	0.24505500407698680	0.02826119952469682	0.00000000000000000	0.02580808464876291	0.00000000000000000	0.11228286633292231	0.00000000000000000	0.01034946552961721	0.13115355788768163	0.00317222427022496	0.18493020239113914	0.00657389052883752	0.02666583632425551	0.02062635489619124	0.01320570477793032	0.05009380942315565	0.05825343378463721	0.00600000000000001	0.27857978685719481	0.97046723477377839
Hayashi_PAM16PT02	0.03461369184488587	0.01253918400031255	0.01151611427512447	0.05330391537234289	0.00000000000000000	0.23733891503792406	0.01342739850195081	0.00000000000000000	0.03610101437394823	0.00000000000000000	0.09179032989939832	0.00000000000000000	0.02231604904080336	0.11272871106437260	0.01038281874707405	0.20610202580653372	0.01054321721242595	0.01749648682059384	0.04493346111979294	0.00360021470086629	0.04033392004187471	0.04093253213977541	0.00000000000000000	0.78624424763511180	0.72220349552126295
Hayashi_PAM22PT01	0.00030155366689561	0.01831905187573385	0.02185713270053332	0.02059365696873730	0.00684888232436656	0.28584190435049850	0.00874325876120479	0.00000000000000000	0.00000000000000000	0.00000000000000000	0.06194967792637290	0.00000000000000000	0.00011398343306199	0.14243060713939196	0.00869389865017090	0.17633086132885575	0.00000000000000000	0.06404095775984382	0.06177775864800855	0.00236536661380878	0.05273332586259181	0.06705812198992357	0.00000000000000000	0.66019031627409486	0.78941784594126174
Hayashi_PAM22PT02	0.00976248607719779	0.01921534175300689	0.00027265593181646	0.01680095839310216	0.00000000000000000	0.25778906345917141	0.01784186817710494	0.00000000000000000	0.00470867018796264	0.00000000000000000	0.09261085563662640	0.00000000000000000	0.01016271767386502	0.18992854153338426	0.00412605382589216	0.18934993341979969	0.01041135049573374	0.02685622318206227	0.00010989270808764	0.02948301753971260	0.08930020640933461	0.03127016359613928	0.00000000000000000	0.65140932070809943	0.78639658279590774
Hayashi_PAM22PT04	0.00981041663536267	0.01763489650637559	0.00151623947948637	0.03265636924029688	0.00000000000000000	0.28985477687171746	0.02544460637435342	0.00000000000000000	0.00000000000000000	0.00000000000000000	0.09752497627723190	0.00000000000000000	0.01148741845468361	0.15501557155130744	0.00809006482422551	0.10970518926970055	0.01000416504343561	0.02025563655842164	0.07724895325390850	0.01253097000457905	0.07621162551840842	0.04500812413650550	0.00000000000000000	0.76483961957591429	0.73062743790343454
Hayashi_PAM22PT05	0.01903846722763213	0.00000000000000000	0.00061134062033827	0.06585686466974248	0.00000000000000000	0.29339432398702375	0.01239118300583317	0.00000000000000000	0.00000000000000000	0.00000000000000000	0.06304227480852778	0.00000000000000000	0.03597510438233100	0.16323682319667945	0.01406344222321585	0.19521295761364285	0.00155694068376722	0.00539284362521234	0.02643086668664257	0.00000000000000000	0.02476731681753736	0.07902925045187374	0.00000000000000000	0.81416120171132100	0.68572218117581873
Hayashi_PAM22PT07	0.02769287321124637	0.00000000000000000	0.00161958731102217	0.04839032564419980	0.00000000000000000	0.28647373659621655	0.01475254891875717	0.00000000000000000	0.00000000000000000	0.00000000000000000	0.08401193661614553	0.00000000000000000	0.05894818882753842	0.12970516901578202	0.01350730069917145	0.20093298688796954	0.00541217830528724	0.01253350176386960	0.01295226237655783	0.01430993632605211	0.03669716526824170	0.05206030223194267	0.00000000000000000	0.77977746895083644	0.71540061388987608
Hayashi_PAM22PT08	0.01612839040381917	0.02829186242456932	0.00181906782103825	0.04665669810178091	0.00308195571601090	0.27665311731498859	0.00000000000000000	0.00000000000000000	0.01604354658784820	0.00000000000000000	0.06656119116015821	0.00044478805168765	0.02688376364805591	0.08438492226642373	0.00851502787212823	0.11649852976069325	0.02640990891922249	0.03949927553508543	0.05451186243525510	0.02122537161707410	0.09758587514190606	0.06880484522225447	0.00000000000000000	0.77423020486925354	0.73184703199311718
Hayashi_PAM22PT10	0.00398782806989232	0.00000000000000000	0.00744851551290601	0.00000000000000000	0.00000000000000000	0.15418815424997245	0.02941577107182750	0.00263211691258947	0.00000000000000000	0.00000000000000000	0.07031168704215361	0.00000000000000000	0.00000000000000000	0.15866343209819508	0.00463242905029160	0.14032076837870094	0.00610472438150214	0.00000000000000000	0.01305810907092016	0.00000000000000000	0.05096577977030597	0.35827068439074278	0.00000000000000000	0.61063123201094860	0.79156662157106950
Hayashi_PAM22PT11	0.01838498195705502	0.00305257387554195	0.00495086986551777	0.00000000000000000	0.00005925897886369	0.31900201439257209	0.02826190210614829	0.00000000000000000	0.00000000000000000	0.00000000000000000	0.08730483307977632	0.00000000000000000	0.00147246700526945	0.18385401450411040	0.01043132958541473	0.08347156010276489	0.01624428367703309	0.00819253712408522	0.00572949261566775	0.00979489447034335	0.04174721883145875	0.17804576782837722	0.00000000000000000	0.61048685269856129	0.80236230212407600
Hayashi_PAM22PT12	0.01380314695377714	0.00627231277429066	0.00284955230919034	0.02368709586196046	0.01853566651838113	0.17022691047133146	0.01329443924537787	0.00000000000000000	0.01837654361408864	0.00000000000000000	0.11228370524626466	0.00000000000000000	0.01044664487008173	0.30142571875566343	0.01064090333924977	0.13277070680567030	0.01217416681558576	0.01103320285986198	0.00262697560861924	0.02963989684412991	0.09172471489311501	0.01818769621336048	0.00000000000000000	0.79480078478473160	0.68337227410044521
Hayashi_PAM24PT01	0.03919837649261944	0.02334569278904301	0.01029658154180887	0.18948334678292514	0.00000000000000000	0.28974446606965742	0.02203524270328935	0.00000000000000000	0.00000000000000000	0.00000000000000000	0.10388600982005093	0.00000000000000000	0.02437757907019662	0.07979170750892220	0.01802997523855497	0.12980386515988940	0.00412371094217919	0.00865093144350737	0.01328225040508875	0.00935702105093321	0.02604243251172527	0.00855081046960875	0.00000000000000000	0.79715852379960905	0.68811600464161105
Hayashi_PAM25PT01	0.00375230986600139	0.01257430176579766	0.00014648484013919	0.01539876964009112	0.00000000000000000	0.15621755245165775	0.03508391328615771	0.00000000000000000	0.00000000000000000	0.00000000000000000	0.07809125784740734	0.00000000000000000	0.00000000000000000	0.24368119499422522	0.00000000000000000	0.20206937154401128	0.00000000000000000	0.05733767052324473	0.04829825806118786	0.00000000000000000	0.06746299433220873	0.07988592084786979	0.00000000000000000	0.51044826282713118	0.86037506067440983
Hayashi_PAM27PT01	0.06031981842823517	0.07812638365878205	0.00000000000000000	0.08680226623023519	0.14580524295145339	0.28833873939436877	0.03984479648941048	0.00000000000000000	0.00000000000000000	0.00000000000000000	0.05480245930699896	0.00000000000000000	0.00000000000000000	0.00000000000000000	0.00000000000000000	0.07261877985241018	0.00000000000000000	0.06998331667990840	0.01358984699866202	0.00000000000000000	0.01959702393081825	0.07017132607871743	0.00000000000000000	0.77480783618406412	0.70321430261696571
Hayashi_PAM27PT02	0.06022779157612199	0.05716602763087694	0.02500760090401983	0.10087548940282351	0.00000000000000000	0.30763263146230047	0.03213109348240224	0.00000000000000000	0.00000000000000000	0.01831356104115116	0.00925901610062129	0.00000000000000000	0.04657596918454131	0.01406264721031373	0.01472714651998564	0.16833162342682978	0.00000000000000000	0.01029285805286312	0.08797074533789061	0.00000000000000000	0.01911112785013393	0.02831467081712460	0.00000000000000000	0.66563661916636419	0.79143014705255299
Hayashi_PAM27PT03	0.03187616817988370	0.01509564722130101	0.03397211627840027	0.10323227631291963	0.00000000000000000	0.37062853940254964	0.01366926604984799	0.00000000000000000	0.00000000000000000	0.00000000000000000	0.07872242280539836	0.00000000000000000	0.05090229901496577	0.07474958271556446	0.02397405244330112	0.12200586156907059	0.00745349363970867	0.00000000000000000	0.05228840479280137	0.00000000000000000	0.01258916116600197	0.00884070840828537	0.00000000000000000	0.70350589455871981	0.75924879977643400
Hayashi_PAM28PT01	0.01706689613933225	0.01502642053849395	0.00383940637881152	0.01756380879881489	0.01123830568307739	0.20583653157614137	0.02981487415318602	0.00000000000000000	0.01630994033293762	0.00000000000000000	0.13950846690139540	0.00000000000000000	0.04103998872292785	0.12640691719960465	0.01222225600863119	0.18996090435464791	0.00726192903384160	0.01387700095157708	0.00000000000000000	0.02720417880759688	0.09567848030667771	0.03014369411230471	0.00000000000000000	0.42033583944694181	0.90656350023760834
Hayashi_PAM28PT02	0.01961155353283197	0.02058817790723373	0.00080131502476238	0.02420382043189081	0.00000000000000000	0.21856355441711472	0.01040725712955827	0.01760702479812921	0.01931851480894222	0.00000000000000000	0.14466731419517698	0.00000000000000000	0.02322479085634970	0.09297311588390916	0.01748735829551521	0.20920726332527062	0.00914354515915951	0.02522673511326802	0.00611856282687531	0.01569012103195385	0.08528522813298323	0.03987474712907508	0.00200000000000000	0.38514278644918415	0.92279962418706241
Hayashi_PAM28PT03	0.01443715506695289	0.01899895720660174	0.00832199076836708	0.02043812272216065	0.00000000000000000	0.18891549083151124	0.05009969296962775	0.00749784490511994	0.03162567115732604	0.00000000000000000	0.17096407908397449	0.00000000000000000	0.02091052282725519	0.07893804036353572	0.00625201773728850	0.20070322026094101	0.00629393589041730	0.02397266873730992	0.02529753205557182	0.00000000000000000	0.05369500500300707	0.07263805241303155	0.00000000000000000	0.50515763157695548	0.86573328901727020
Hayashi_PAM28PT06	0.01876051293140552	0.01806214622545299	0.00155213248901458	0.00000000000000000	0.00000000000000000	0.22625215521622319	0.00795637226146752	0.02400095029789374	0.01933461543610332	0.00000000000000000	0.13880652588938644	0.00000000000000000	0.01270324318797504	0.10979760369086838	0.00923897998849208	0.18068740786093584	0.01440556290103477	0.03222686503740035	0.02189851368097207	0.02937283552446869	0.06751215764848298	0.06743141973242242	0.00200000000000000	0.38444283226693921	0.92297750573381143
Hayashi_PAM28PT07	0.02085440506000049	0.03337886704076663	0.00000000000000000	0.02667240433943940	0.00000000000000000	0.20197009303209484	0.00000000000000000	0.04079388362564305	0.01767807902421188	0.00000000000000000	0.14649653299781498	0.00000000000000000	0.02525127097220665	0.13187814883864044	0.00913459962149021	0.16188443952959378	0.01016416077344116	0.03329093938888462	0.00269367429975496	0.01932882261834874	0.09196188074689338	0.02656779809077474	0.00200000000000000	0.35497233855614285	0.93663347126187146
Hayashi_PAM29PT01	0.04748490237503897	0.00000000000000000	0.01596151505283528	0.01912113437327347	0.00000000000000000	0.19857780399001648	0.00000000000000000	0.02208566439418714	0.00594555566100232	0.00000000000000000	0.05185985451163241	0.00081217279016060	0.01274782029265049	0.05572263494487473	0.00700471819131112	0.38504030763175334	0.00000000000000000	0.01817312386334003	0.09182293592517367	0.00000000000000000	0.05332031689533828	0.01431953910741170	0.00000000000000000	0.56591221308329576	0.83683945212847455
Hayashi_PAM47PT02	0.03122021240658795	0.00000000000000000	0.00293296913319282	0.05901982347423692	0.00000000000000000	0.23905978585308388	0.01597661215036449	0.00000000000000000	0.00000000000000000	0.00000000000000000	0.03796752897704331	0.00734481967859732	0.00524093829819585	0.21821141929576562	0.00072746182559698	0.13912234845043109	0.00048184674806908	0.09871998243082100	0.07012099106521373	0.00000000000000000	0.03096899165260474	0.04288426856019520	0.00000000000000000	0.63455168290146602	0.79751926182743527
Hayashi_PAM47PT03	0.03449390145012216	0.00000000000000000	0.00177844703254417	0.11783356191301560	0.00000000000000000	0.24730459807775731	0.02109714788310631	0.00000000000000000	0.00000000000000000	0.00000000000000000	0.06393744239361432	0.00000000000000000	0.00997438033623905	0.18263243242746094	0.02359000248601776	0.13891349471730566	0.00596031168001494	0.02458191310106725	0.05470198767470046	0.00000000000000000	0.02707775841785769	0.04612262040917628	0.00000000000000000	0.59858121828191568	0.81701078555514506
Hayashi_PAM47PT04	0.00581883855035137	0.02466301291377509	0.00000000000000000	0.04852184623445083	0.00000000000000000	0.20206359647001954	0.05373362768666135	0.02055709482729079	0.00000000000000000	0.00000000000000000	0.08490715648675115	0.00000000000000000	0.01403191201153426	0.10871143941633862	0.00814505806773533	0.11641074059565856	0.00000000000000000	0.17646088624068645	0.07086676666087773	0.00000000000000000	0.04048343470825911	0.02462458912960993	0.00000000000000000	0.47907142346430981	0.87940046076390799
Hayashi_PAM47PT05	0.05668031009722501	0.00000000000000000	0.00050385150697681	0.06128641184994232	0.00000000000000000	0.19740385838175972	0.05778959319280703	0.03304976315826076	0.00000000000000000	0.00000000000000000	0.07906286092866066	0.00000000000000000	0.01832954092315105	0.06249273520630437	0.01760963571903681	0.10767870796091722	0.00000000000000000	0.16490652410024054	0.06505637765038746	0.00000000000000000	0.03538821617443030	0.04276161314990001	0.00000000000000000	0.47259352931666160	0.88298858308405193
Hayashi_PAM47PT06	0.01711705371061432	0.02452698262549467	0.00000000000000000	0.03014401651908006	0.00851870478381639	0.15923540173787409	0.07214647523335180	0.01630918413506483	0.00000000000000000	0.00000000000000000	0.05666156785181146	0.00000000000000000	0.00816375575501539	0.14641071926864516	0.01959057069496941	0.12056404831162741	0.00000000000000000	0.14945706572338618	0.07165497194820748	0.00000000000000000	0.04569858963488027	0.05380089206616107	0.00000000000000000	0.55168241210555258	0.84559205358384282
Hayashi_PAM47PT07	0.03497629319073371	0.00000000000000000	0.00000000000000000	0.05935296166498227	0.00000000000000000	0.18258002774318674	0.06090057050975969	0.00586932514141410	0.00000000000000000	0.00000000000000000	0.08700874330045928	0.00000000000000000	0.01631188648908276	0.15351290021930031	0.05925389515194174	0.14244076805413694	0.00069922561449240	0.06738671020666848	0.06745840347025210	0.00000000000000000	0.03050628858288594	0.03174200066070358	0.00000000000000000	0.60803021267759039	0.81639093582261013
Hayashi_PAM48PT01	0.09698152415449939	0.34592838017778083	0.00000000000000000	0.05372832403013185	0.14730342444349959	0.14118275043753689	0.02211532465883223	0.00000000000000000	0.00000000000000000	0.00000000000000000	0.02103800259200676	0.00000000000000000	0.01624744264435932	0.00156468425186671	0.00573525575400031	0.06236543538728528	0.00000000000000000	0.03481170287903064	0.02915267028285079	0.00000000000000000	0.01678056668691702	0.00506451161940250	0.00000000000000000	0.71865314287323079	0.73813457323188314
Hayashi_PAM48PT02	0.05157570108649264	0.00000000000000000	0.00472389071769886	0.04588852767396626	0.00000000000000000	0.27476542739070930	0.01799294166992007	0.00184149501005138	0.02161667927959020	0.00000000000000000	0.07685220373517634	0.00000000000000000	0.03864203609419591	0.10663565163748399	0.01146912942660426	0.15610833773342561	0.02650356849133953	0.03335735985158032	0.04515782164606701	0.00000000000000000	0.05600722346803720	0.03086200508766090	0.00000000000000000	0.79985114467814289	0.71939935869324800
Hayashi_PAM49PT05	0.07423370432524014	0.00000000000000000	0.00156710878307263	0.00528947672507381	0.00000000000000000	0.33702490908196636	0.03261685226381836	0.00000000000000000	0.00000000000000000	0.00000000000000000	0.06380995164298028	0.00103182637727430	0.03659593940974344	0.00000000000000000	0.00964867488570877	0.24662400635631954	0.02167662957073464	0.02785180849224033	0.08544413986723637	0.00000000000000000	0.04240357785460977	0.01418139436398131	0.00200000000000000	0.38584489424836593	0.92196503328744162
Hayashi_PAM49PT06	0.01777585762968399	0.00573789989311428	0.00051607772964130	0.00276686256937258	0.00000000000000000	0.23931644859095194	0.04246591837156158	0.00000000000000000	0.00000000000000000	0.00000000000000000	0.04860567201494236	0.00000000000000000	0.01956343080825811	0.15724682210450094	0.00697125973515701	0.25328714046314027	0.01427517547300081	0.02213831836895594	0.07045817679778338	0.00000000000000000	0.07690741501141633	0.02196752443851902	0.00000000000000000	0.61670644698605215	0.81066807404925767
Hayashi_PAM50PT01	0.05212040074977180	0.00000000000000000	0.00082434037109511	0.03112087148551626	0.00000000000000000	0.30266835503615297	0.00000000000000000	0.00636731793322535	0.02035772706443722	0.00000000000000000	0.10083680747140072	0.00000000000000000	0.01886837551605936	0.13856570623447656	0.00506299093218426	0.17492377091035710	0.00828465109232172	0.03829463267926130	0.00000000000000000	0.02745605912280763	0.03748280651718313	0.03676518688374960	0.00000000000000000	0.49459724805310584	0.87053572444638161
Hayashi_PAM50PT02	0.04209114534365886	0.00000000000000000	0.00001352616844896	0.06464178016886994	0.00000000000000000	0.21223175586592866	0.00000000000000000	0.00131098207001149	0.05388843146091946	0.00000000000000000	0.11695239397895152	0.00000000000000000	0.02461444575018308	0.18842934567143474	0.00000000000000000	0.17504590716175900	0.00751966626478808	0.03581233327477108	0.00000000000000000	0.01710622422323209	0.02726674168323451	0.03307532091380845	0.00000000000000000	0.60246528670384469	0.81221740246927954
Hayashi_PAM51PT01	0.01378373175768580	0.03491907055518070	0.00000000000000000	0.06934296618282722	0.00000000000000000	0.31894709852537118	0.00360905282579537	0.00000000000000000	0.00000000000000000	0.00000000000000000	0.11195293965638638	0.00000000000000000	0.02503518649722816	0.13052972013952235	0.01671911653711037	0.14737147413584770	0.01408278644283884	0.02492153569568943	0.00000000000000000	0.01886294835886709	0.04909705347030498	0.02082531921934438	0.00000000000000000	0.71386293115663479	0.75101982173392212
Hayashi_PAM52PT01	0.02180038681092043	0.00000000000000000	0.00148961489629808	0.10313165069470789	0.00000000000000000	0.32655405198438764	0.02281741346390217	0.00000000000000000	0.00000000000000000	0.00000000000000000	0.09703233856115104	0.00000000000000000	0.02415282642457296	0.16059507587462418	0.02455183141836988	0.09321697229072011	0.00120370541202546	0.02934101185580977	0.04483120665250374	0.00000000000000000	0.01036924782880194	0.03891266583120481	0.00000000000000000	0.62342659451429849	0.79990463794061806
Hayashi_PAM52PT02	0.01890652282842057	0.00000000000000000	0.00218855974456211	0.12607858960932633	0.00000000000000000	0.31948735524974786	0.00748226349775138	0.00000000000000000	0.00000000000000000	0.00000000000000000	0.10693920320481748	0.00408406138284839	0.02848998276273056	0.19325048502247316	0.02527743758638669	0.07852458792220625	0.00704921369271141	0.00181876958698928	0.02192730493958485	0.00087081988274319	0.02837335409291557	0.02925148899378469	0.00000000000000000	0.54801661501684296	0.83910798461171521
Hayashi_PAM52PT03	0.04240122009935938	0.00000000000000000	0.00264965114547891	0.06704097481268578	0.00000000000000000	0.27964075816021200	0.00970440417243095	0.00000000000000000	0.00000000000000000	0.00000000000000000	0.08715244463983431	0.00000000000000000	0.02534320705122808	0.18252182846031703	0.04110028880199726	0.18431747772952767	0.00476250404397920	0.00000000000000000	0.01981145878212599	0.00332412401769812	0.01333964250147490	0.03689001558165039	0.00000000000000000	0.84105071519268959	0.66975471859778912
Hayashi_PAM53PT04	0.01178434654180077	0.00969220809669740	0.00220464069351478	0.00000000000000000	0.00000000000000000	0.25780992817475384	0.00482060378052478	0.01521098340526665	0.00000000000000000	0.00000000000000000	0.08115244281128348	0.00000000000000000	0.03191226903853193	0.17661220632332747	0.00000000000000000	0.19131312946017398	0.02787940145851479	0.08185124869226461	0.00541903077871988	0.00321040270540283	0.07912367371459447	0.02000348432462836	0.00000000000000000	0.55842681392448201	0.83821422247274224
Hayashi_PAM53PT05	0.01221627621469962	0.00542754617347132	0.00726374174432979	0.00000000000000000	0.00000000000000000	0.21706318681452416	0.00000000000000000	0.01091685168155672	0.00000000000000000	0.00000000000000000	0.06845011053441427	0.01519977949571556	0.03953165073718575	0.20245686344720204	0.00000000000000000	0.19439225862847637	0.03159574353736491	0.07997565332571374	0.03550003796193205	0.00000000000000000	0.05972155814918168	0.02028874155423188	0.00000000000000000	0.54133960944563653	0.84657107368056095
Hayashi_PAM53PT06	0.00329429927089662	0.01236794964445736	0.00000000000000000	0.02315149226847930	0.00000000000000000	0.18375230030883735	0.00000000000000000	0.00000000000000000	0.00000000000000000	0.00000000000000000	0.02700258863602993	0.01788964981748146	0.01778138277845437	0.20940106359791752	0.00000000000000000	0.24207609821015336	0.08617148714330725	0.08333856789451942	0.02182107756795712	0.00000000000000000	0.04951500404159113	0.02243703881991790	0.00000000000000000	0.56714468406404661	0.82947744996369155
Hayashi_PAM53PT07	0.00572308265831529	0.01424559994903063	0.00000000000000000	0.00707107800815638	0.00000000000000000	0.20159653744810691	0.00000000000000000	0.01454432529331662	0.00649765608366839	0.00000000000000000	0.05356086461380520	0.00000000000000000	0.00508578057111702	0.19807979671287451	0.00270746634654016	0.27699439306465617	0.07814167480620147	0.04475397780800708	0.02279397560062202	0.00000000000000000	0.04662733650250914	0.02157645453307302	0.00000000000000000	0.50009532377136967	0.86636091402153537
Hayashi_PAM53PT08	0.00315716145786312	0.01350245886768241	0.00000000000000000	0.00473034363152576	0.00000000000000000	0.21899700284357598	0.00278868490361931	0.01016667281099274	0.00088412294540797	0.00000000000000000	0.06520647845293304	0.01514461372481883	0.02563359838270658	0.13228682713287720	0.00000000000000000	0.20991601465533810	0.01918970545137988	0.15531049295237268	0.02885453981799407	0.00000000000000000	0.06947656813365857	0.02475471383525388	0.00000000000000000	0.57238330951131500	0.83123793666312429
Hayashi_PAM53PT09	0.00234842029725785	0.00922129840866610	0.00018326936307287	0.00474809607455518	0.00000000000000000	0.22585395658425930	0.00000000000000000	0.00674020657538033	0.00000000000000000	0.00000000000000000	0.08160349083596802	0.00000000000000000	0.00024214662334561	0.23145290466326515	0.00000000000000000	0.19742070859676497	0.03201617686501588	0.13401049444293262	0.02123124674070059	0.00000000000000000	0.03592604939899619	0.01700153452981942	0.00000000000000000	0.61469056904668640	0.80201840465533447
Hayashi_PAM53PT10	0.02399779773570591	0.00000000000000000	0.00000000000000000	0.05471557040704610	0.00000000000000000	0.27230754937795743	0.00107164187164331	0.00000000000000000	0.00000000000000000	0.00000000000000000	0.09518100655437035	0.00000000000000000	0.01109493980520584	0.12334084730342854	0.00000000000000000	0.25620348894117356	0.04842709865480265	0.07036968974630267	0.00764985595317272	0.00000000000000000	0.02074859111295905	0.01489192253623208	0.00000000000000000	0.64290793798294410	0.79139363021268405
Hayashi_PAM53PT11	0.00388552842687298	0.01508631387330387	0.00000000000000000	0.02609098702338161	0.01339794744946077	0.24739821154847660	0.00618412782971178	0.00000000000000000	0.00000000000000000	0.00000000000000000	0.09083309190582867	0.00000000000000000	0.00874304693282597	0.16264655045056439	0.00000000000000000	0.25342925937484362	0.02230685807080883	0.06849422792014731	0.00258760156166485	0.00861288895430238	0.04893196581908203	0.02137139285872414	0.00000000000000000	0.54857915911378230	0.84163244814697957
Hayashi_PAM53PT12	0.01416320392176643	0.01215760286476280	0.00000000000000000	0.00675558807238840	0.00000000000000000	0.30198387828903056	0.00000000000000000	0.00000000000000000	0.00000000000000000	0.00000000000000000	0.07096672728280412	0.00409147639773964	0.03157260756880866	0.15377665335600826	0.00525526295136062	0.19809397304958451	0.00000000000000000	0.11462460028228076	0.02504709167520661	0.00000000000000000	0.03799668394335980	0.02351465034489880	0.00000000000000000	0.59478604583382677	0.81928554075792626
Hayashi_PAM53PT13	0.01676226750477377	0.02449688814271268	0.00438604087042521	0.00000000000000000	0.01494079903209721	0.21135048024853889	0.00197392504113138	0.00189470032979236	0.01610261491211220	0.00000000000000000	0.13176317199109908	0.00000000000000000	0.01960037018051668	0.10930644420243377	0.00000000000000000	0.16270837184256709	0.02297555413459224	0.17137357394181640	0.00000000000000000	0.02277797251406304	0.05051607107040088	0.01707075404092698	0.00000000000000000	0.55460201979796353	0.84059794060948179
Hayashi_PAM53PT14	0.00322564120648190	0.01416060662320716	0.00111997734766372	0.01853003905568165	0.00000000000000000	0.23255419309233005	0.02515411002253622	0.00000000000000000	0.00000000000000000	0.00000000000000000	0.08316658241346600	0.00000000000000000	0.00208059918105197	0.21057613686830423	0.00000000000000000	0.11558207287513619	0.00000000000000000	0.13211098320733144	0.01607447073670175	0.00000000000000000	0.08507258397491839	0.06059200339518941	0.00000000000000000	0.49408054724332212	0.86983282220727831
Hayashi_PAM53PT15	0.00601670590053905	0.01325500786426455	0.00000000000000000	0.01047319088496030	0.00000000000000000	0.17752277503915551	0.01656988420966464	0.01170265622014141	0.00000000000000000	0.00000000000000000	0.04796277151549758	0.00000000000000000	0.00253926276936674	0.18677238011516492	0.00382386788913341	0.23151689953283933	0.09817008896095868	0.07305250056949471	0.03233138785186149	0.00000000000000000	0.05708003568025948	0.03121058499669832	0.00000000000000000	0.56695058433506851	0.83226095297207847
Hayashi_PAM53PT16	0.00799169638303492	0.01508825109882697	0.00114773574444079	0.00000000000000000	0.00000000000000000	0.26948218985886685	0.00326597571632656	0.00000000000000000	0.00000000000000000	0.00000000000000000	0.07663162968501466	0.01749085324704974	0.01263516637803700	0.09776286415657591	0.00000000000000000	0.21468893577470863	0.02372311761627791	0.14555520705336522	0.04187394379434291	0.00000000000000000	0.05921617218144053	0.01344626131169134	0.00000000000000000	0.61484370315479508	0.81141235740058204
Hayashi_PAM53PT17	0.03635711736665408	0.00000000000000000	0.00419424005846046	0.00108369441511356	0.00000000000000000	0.29114952719379572	0.02996332450655012	0.00000000000000000	0.00000000000000000	0.00000000000000000	0.07186100806416931	0.00663468478863821	0.01094428812344080	0.12607821654090562	0.02005815195970616	0.19791545421710202	0.02074643968789497	0.08462802972788692	0.01979825079915055	0.00675654531748913	0.03914261622445361	0.03268841100858863	0.00000000000000000	0.52389501233424807	0.85772623783130397
Hayashi_PAM53PT18	0.00141321867019806	0.00672923483401245	0.00000000000000000	0.03297951033145075	0.00000000000000000	0.16118169100336374	0.04420701126246873	0.00000000000000000	0.00000000000000000	0.00000000000000000	0.05408521213949324	0.00000000000000000	0.03699528528151538	0.17390488470212490	0.00834844564100374	0.30917186451502332	0.00880215369046270	0.06837198085491807	0.02618900205292998	0.00000000000000000	0.02353077594323542	0.04408972907779946	0.00000000000000000	0.66480791034265740	0.77465029680231201
Hayashi_PAM54PT05	0.05521876842294642	0.00000000000000000	0.00096182909628966	0.03042163085410983	0.01898400416257925	0.25418172183146598	0.00204131411838991	0.01000506114547082	0.00000000000000000	0.00000000000000000	0.12438312079904713	0.00000000000000000	0.02474391654055031	0.14364790886456349	0.00515102726271492	0.15976320485802875	0.01488121139741959	0.02357490751950646	0.01109155845486008	0.02206075723918981	0.08244397329409635	0.01644408413877128	0.00000000000000000	0.62348089408908569	0.80547117511386368
Hayashi_PAM54PT06	0.03298197833682859	0.01645825246461757	0.01135937653136730	0.00863932287561023	0.00827308109052055	0.27178885170010442	0.00000000000000000	0.00000000000000000	0.03381135930040154	0.00000000000000000	0.13886472218860474	0.00000000000000000	0.02497462962320328	0.13541940405097028	0.00450591713146350	0.15250503195345422	0.01396955256305833	0.02552909593269339	0.00481400331397322	0.01745132950760223	0.08716572964939923	0.01148836178612737	0.00000000000000000	0.64403778291449154	0.79497274851164423
Hayashi_PAM54PT07	0.04108977089306255	0.01888022901333448	0.01093516630283763	0.02069180435437440	0.00000000000000000	0.25623441836691474	0.00000000000000000	0.01794314330947951	0.01562404695478392	0.00000000000000000	0.09906058417610407	0.00000000000000000	0.02636628530162951	0.12868659722108816	0.00618977601775446	0.17242808944336097	0.02254827194151211	0.02670425428253383	0.01524064229787247	0.00858551018622976	0.09663639704847472	0.01615501288865261	0.00000000000000000	0.72004277309244846	0.75913313211050903
Hayashi_PAM54PT08	0.06371084747909046	0.03338924305031961	0.00851253917794661	0.01936320221088896	0.02091396810978782	0.25229716199335323	0.01112275254383716	0.00000000000000000	0.00000000000000000	0.00000000000000000	0.09930161193352510	0.00000000000000000	0.03318648240230337	0.11775300214622889	0.00576323509336919	0.19251535382742746	0.01600577169669387	0.02388533851875521	0.01500315559906567	0.00517816583097073	0.06857413456227461	0.01352403382416204	0.00000000000000000	0.69860703173966388	0.77189061636679268
Hayashi_PAM54PT09	0.04044190428614825	0.00598811921117069	0.00695272367994203	0.01352455753786136	0.00000000000000000	0.27686962668112119	0.00000000000000000	0.00015440081467765	0.04687475118881423	0.00000000000000000	0.10075929371942219	0.00000000000000000	0.03572754485819490	0.09951621081807546	0.01225992903023041	0.14191372031587293	0.03173403539652971	0.02325778934776548	0.00360590470522265	0.03082768944456373	0.09799159889092481	0.03160020007346215	0.00000000000000000	0.61952297342081430	0.81173716390975625
Hayashi_PAM54PT11	0.05347718060533664	0.00000000000000000	0.00399591632896319	0.00000000000000000	0.04599818996570687	0.19659948008046699	0.00371968072827323	0.01833341447736063	0.00000000000000000	0.00000000000000000	0.16810784463440046	0.00000000000000000	0.03941659718240506	0.12040199432300026	0.00509439460660538	0.15044707119843886	0.00694284002752737	0.03060927804197756	0.00000000000000000	0.03639758391449902	0.11440359557496391	0.00605493831007470	0.00000000000000000	0.40629300835422222	0.91312035093224531
Hayashi_PAM54PT12	0.03172888342336601	0.00522035503533094	0.01959715321142229	0.01209621464690687	0.00000000000000000	0.24477510392554233	0.00000000000000000	0.00000000000000000	0.03177464193549170	0.00000000000000000	0.12012796792284186	0.00000000000000000	0.03191774079164802	0.16284614786129650	0.00629214533599779	0.17073668810359285	0.01042350384434437	0.01620258589036217	0.00885868372447235	0.01390262914287984	0.10543600702480289	0.00806354817970118	0.00000000000000000	0.46682519470784295	0.88463711780013377
Hayashi_PAM54PT13	0.09631179718621266	0.00000000000000000	0.02996138320256354	0.00000000000000000	0.00000000000000000	0.30319799555715748	0.00209491525673927	0.01729538798870358	0.00000000000000000	0.00000000000000000	0.12057901310050229	0.00000000000000000	0.02874341890190059	0.08717368876707378	0.00515215475102860	0.14829059352786644	0.01573244469159171	0.02900261427933875	0.00218603662406374	0.02623037208427400	0.07639485157299160	0.01165333250799183	0.00000000000000000	0.43178546100750753	0.90159174632050632
Hayashi_PAM54PT14	0.07917227598071308	0.00000000000000000	0.00542486908319577	0.00000000000000000	0.00000000000000000	0.22255134688248307	0.00000000000000000	0.07760646872565058	0.03784174793639522	0.00000000000000000	0.11760133208693986	0.00000000000000000	0.04390958786737522	0.02702976072914877	0.00402610027879916	0.18220061007082372	0.01806062849312515	0.02752159136247045	0.00000000000000000	0.03759242998323355	0.10782096954280375	0.01164028097684276	0.00000000000000000	0.46916416687244161	0.88486343910978071
Hayashi_PAM54PT15	0.12444083939743777	0.00000000000000000	0.00948729740518974	0.00442763513443700	0.00000000000000000	0.23088705700087300	0.00000000000000000	0.06975315273357137	0.02259193498986039	0.00000000000000000	0.06366362399588694	0.01484741866211512	0.03939851182144218	0.07338913131721540	0.00065496242768697	0.13645291487136924	0.02836215027220153	0.03532980722793459	0.01957113389687050	0.01168162545941874	0.10252474083648327	0.01253606255000633	0.00200000000000000	0.38759410668400446	0.92106146297976232
Hayashi_PAM54PT16	0.07391451571445261	0.02650619089968802	0.00000000000000000	0.02821900090868257	0.00000000000000000	0.35564675057231759	0.00000000000000000	0.00000000000000000	0.00000000000000000	0.00000000000000000	0.10615971411249527	0.00000000000000000	0.03426373325148722	0.08518265696459357	0.00195883402390096	0.13693206223899185	0.01289203312458774	0.02469988407484441	0.00421598899530909	0.02167104936390574	0.07165136045275614	0.01608622530198723	0.00000000000000000	0.59445503969919589	0.82124807985888493
Hayashi_PAM54PT17	0.05963931994619496	0.00000000000000000	0.01242202106956903	0.00000000000000000	0.00000000000000000	0.27465555139736664	0.02544668139770597	0.00390259065564708	0.00000000000000000	0.00000000000000000	0.11077480786732703	0.00000000000000000	0.01749443086986377	0.17676931838267343	0.00880077746461329	0.16429513870669279	0.00803065651287636	0.01734124149304227	0.00373079304245855	0.01992782929073694	0.07224488636743014	0.02452395553580163	0.00000000000000000	0.62094743716924139	0.80701374190971031
Hayashi_PAM54PT18	0.08592137172948570	0.00000000000000000	0.00624241013471107	0.00000000000000000	0.00000000000000000	0.26915071345819297	0.00000000000000000	0.02610852902668959	0.04996495214479409	0.00000000000000000	0.07338899540873398	0.00000000000000000	0.02619423875594869	0.10045318762048069	0.00249914176272395	0.15750889852529631	0.02103942341392818	0.02125127618905677	0.00000000000000000	0.03123656218836763	0.11519705490161770	0.01384324473997277	0.00000000000000000	0.45344376714200507	0.89192179658945103
Hayashi_PAM54PT19	0.08313955102482626	0.00000000000000000	0.00685494453307655	0.00000000000000000	0.00298108922020456	0.21100651647885393	0.01725753422470728	0.05372809565435167	0.00000000000000000	0.00000000000000000	0.10775514626767951	0.00000000000000000	0.03744758350436091	0.07261111869017192	0.00909816619662807	0.16326867342690304	0.02566776428548333	0.03345290400358366	0.03319515303289886	0.00000000000000000	0.12039060229070093	0.02214515716556949	0.00000000000000000	0.43860252498859009	0.89927444260494938
Hayashi_PAM55PT05	0.00625920133183460	0.01267226854086841	0.00013469485589663	0.01944126862048805	0.04627916112314816	0.21301024035738514	0.01816023704485299	0.00000000000000000	0.00914764793475506	0.00000000000000000	0.12103530573571661	0.00000000000000000	0.01045432213255788	0.24553083124197841	0.00508349115031561	0.17249272629983409	0.00010708512459817	0.03738664204124439	0.00000000000000000	0.02795429612756727	0.04360085694938046	0.01124972338757788	0.00000000000000000	0.72630417120714275	0.73481701293096147
Hayashi_PAM55PT06	0.02338485996943266	0.00000000000000000	0.00174143012898521	0.04283182291339564	0.00000000000000000	0.21325508683659505	0.01873452353811878	0.00201276511742791	0.00000000000000000	0.02524868167160171	0.07824534054656049	0.00000000000000000	0.00000000000000000	0.22745306983911123	0.01214761904750725	0.23618318490731513	0.00283213139561149	0.02576235850774570	0.00000000000000000	0.01699485365344766	0.03151886582711087	0.04165340610003319	0.00000000000000000	0.69804471340127916	0.75087670171293508
Hayashi_PAM55PT07	0.00508597656992633	0.02592169804451127	0.00531845846129219	0.05490430240625566	0.00000000000000000	0.22725023110033940	0.02405700217983471	0.00000000000000000	0.00000000000000000	0.00000000000000000	0.07793622260955796	0.00000000000000000	0.00000000000000000	0.22000153944708636	0.01128729140518473	0.20611560804281964	0.00240153574014646	0.02407003687951988	0.01519114474490580	0.00501425398710310	0.03351445185713581	0.06193024652438082	0.00000000000000000	0.76767175530788168	0.71196555508403681
Hayashi_PAM55PT08	0.00902886409491131	0.04035885052317599	0.00545530259078999	0.07452288089348881	0.06573125133213829	0.24586210923057134	0.01522877656532268	0.00000000000000000	0.00000000000000000	0.00000000000000000	0.09122136194026385	0.00000000000000000	0.02992064607893053	0.14993629418796781	0.00688841522777201	0.14896650745804979	0.00689865746673280	0.03374779367121027	0.01107665903207286	0.01339422960861247	0.04177390263149355	0.00998749746649553	0.00000000000000000	0.77953250788428718	0.71581703369720628
Hayashi_PAM55PT09	0.02569309175821970	0.00000000000000000	0.00080346170767841	0.03767833107910439	0.03906161824967528	0.18474978838611361	0.00807027583045417	0.00000000000000000	0.00000000000000000	0.00000000000000000	0.12050241959937867	0.00000000000000000	0.01606258037495255	0.23940552214561867	0.00836657854699721	0.18362465700986885	0.00479972517058570	0.01287074959430520	0.00000000000000000	0.05919756283688639	0.03928612273894516	0.01982751497121582	0.00000000000000000	0.72109727065373297	0.73704109127763340
Hayashi_PAM55PT10	0.02830607440048104	0.00557998224669843	0.00367121389228606	0.03187987981110110	0.00000000000000000	0.23879540832033253	0.01438705641722936	0.00000000000000000	0.00776735237714374	0.00000000000000000	0.09702840559838921	0.00000000000000000	0.01224279252458406	0.21488497523616976	0.01244259449310703	0.17853168716933987	0.01312486644108836	0.02292969408956719	0.00000000000000000	0.03026502053246700	0.05836391055938404	0.02979908589063115	0.00000000000000000	0.75436132032365744	0.72374574907241174
Hayashi_PAM55PT11	0.00396180694863863	0.12529457514582956	0.00000000000000000	0.08120196227439754	0.05129431230852739	0.24311619033546819	0.02195689628149672	0.00000000000000000	0.00000000000000000	0.00000000000000000	0.08446973704376677	0.00000000000000000	0.01881641226713314	0.10880336590866044	0.00673232787858186	0.14514057613298331	0.00594964905095971	0.01902686107804058	0.00000000000000000	0.02462171367281266	0.03443081022455816	0.02518280344814531	0.00000000000000000	0.82016808886055614	0.69678812231483767
Hayashi_PAM55PT13	0.00729599270330858	0.01991962334828777	0.00000000000000000	0.00923483725977427	0.00000000000000000	0.24831760572266184	0.00481551060958236	0.00000000000000000	0.01028514905946132	0.00000000000000000	0.12269123288073432	0.00000000000000000	0.00691829674194977	0.26737841271309865	0.00557542747631634	0.15044904036159690	0.01139897784748952	0.03919843702384807	0.00000000000000000	0.03724127452270490	0.04859768939563452	0.01068249233355095	0.00000000000000000	0.66929825340754157	0.76847780719935621
Hayashi_PAM55PT14	0.03170008031067588	0.00000000000000000	0.00030051658994830	0.06271636578815439	0.06124507468150368	0.23075946747996451	0.02673095140135930	0.00000000000000000	0.00000000000000000	0.00000000000000000	0.08330979040207831	0.00000000000000000	0.00793027615110487	0.21978639585364224	0.00417176294193691	0.14844651646705523	0.00000000000000000	0.03595765805511519	0.00343421862908713	0.00326442399926169	0.06031389121422539	0.01993261003488703	0.00000000000000000	0.76930967518441917	0.71266581673731844
Hayashi_PAM55PT15	0.00000000000000000	0.32304941766379902	0.00000000000000000	0.08190658307950921	0.09068418237144871	0.22112405682184308	0.03132714910753132	0.00000000000000000	0.00000000000000000	0.00000000000000000	0.04047717635408984	0.00000000000000000	0.01557574474348036	0.06027422289079164	0.00267650117581995	0.08407120226272477	0.00000000000000000	0.01904502628152186	0.00370685674214215	0.00000000000000000	0.01644557650301297	0.00963630400228532	0.00000000000000000	0.75349016348341114	0.72618757729141259
Hayashi_PAM55PT16	0.00000000000000000	0.08748267880606715	0.00819730222550157	0.08424795591379457	0.07118060066774499	0.16576365372279880	0.01557326809087018	0.00000000000000000	0.00146285961616848	0.00000000000000000	0.06596659341112740	0.00000000000000000	0.01331387239653442	0.25016016661199880	0.00656301621884609	0.14252916246384137	0.00440651207106429	0.01836587681566824	0.00870574716837175	0.00110143160287473	0.03360249212305024	0.02137681007367665	0.00000000000000000	0.78177486730835599	0.70658512214805225
Hayashi_PAM55PT17	0.01856343016621368	0.03950331761708098	0.01495268820005593	0.03698268900100380	0.01964345733465236	0.19935838444912082	0.02201024724713127	0.00000000000000000	0.00203108673100154	0.00000000000000000	0.09943121902455755	0.00000000000000000	0.00061349856817722	0.29742675719285155	0.00306639629395937	0.11922026270803669	0.00195727089763063	0.01386545170242361	0.00000000000000000	0.02869862404168685	0.03170702595633246	0.05096819286808351	0.00000000000000000	0.73553711491094964	0.72627617229559527
Hayashi_PAM55PT18	0.00000000000000000	0.35837227005740852	0.02546342373632805	0.08290688485798059	0.10852936394150001	0.23391117868468281	0.02349760073735392	0.00000000000000000	0.00000000000000000	0.00000000000000000	0.05234356155529016	0.00000000000000000	0.01440911135198172	0.00297952660303856	0.00874915362284167	0.05772201620682306	0.00014808165220713	0.00140270532342609	0.00000000000000000	0.01109009807773846	0.01847502359139913	0.00000000000000000	0.00000000000000000	0.78223446917956874	0.69370031113589936
Hayashi_PAM56PT06	0.03412049164205634	0.03057568126707724	0.00163671439756024	0.04226529356531352	0.00000000000000000	0.29285945747142827	0.01357114760059673	0.01100994794431950	0.01824453356501569	0.00297339762317819	0.08324214262095282	0.00000000000000000	0.02318041558287814	0.09765172721391792	0.01432559432621162	0.18030419237040565	0.02130092465105172	0.02459923858429423	0.01530562432736443	0.01995269704725965	0.05454639595803560	0.01833438224108264	0.00000000000000000	0.68905110209533138	0.77492294396504457
Hayashi_PAM56PT07	0.03067686537295207	0.01846210157805239	0.01445081018897730	0.04733944171404906	0.00000000000000000	0.26659162733162145	0.00097299984888457	0.02730895108565609	0.03419107110860891	0.00155223539249977	0.07019987700724725	0.00000000000000000	0.02176533910976746	0.11056438314373263	0.01409703667339375	0.17678846128755937	0.03325305885524157	0.02367529627479150	0.01879342203560940	0.01502730183861785	0.05699954110020602	0.01729017905253175	0.00000000000000000	0.72331441481770509	0.75841399138578114
