Mixture	B cells naive	B cells memory	Plasma cells	T cells CD8	T cells CD4 naive	T cells CD4 memory resting	T cells CD4 memory activated	T cells follicular helper	T cells regulatory (Tregs)	T cells gamma delta	NK cells resting	NK cells activated	Monocytes	Macrophages M0	Macrophages M1	Macrophages M2	Dendritic cells resting	Dendritic cells activated	Mast cells resting	Mast cells activated	Eosinophils	Neutrophils	P-value	Correlation	RMSE
Linehan_S1124.02.01	0.02050327411768582	0.01117496653355529	0.01541439537007409	0.03487826584274885	0.00000000000000000	0.23126305173154074	0.00000000000000000	0.00000000000000000	0.00000000000000000	0.01008253903520660	0.06558288829616442	0.00000000000000000	0.23058120019452263	0.03288519294372388	0.00000000000000000	0.01567520192318802	0.00260938621915237	0.05702254686126586	0.00000000000000000	0.01549322219605286	0.00000000000000000	0.25683386873511854	0.00200000000000000	0.87815287615989823	0.58281633729413151
Linehan_S1124.02.02	0.00738208073571469	0.04099703702048713	0.00625632153866892	0.09427679496124998	0.07281941341421350	0.22829064047650680	0.00000000000000000	0.00000000000000000	0.00000000000000000	0.00000000000000000	0.07774542794041583	0.00000000000000000	0.12828668291498507	0.02645511827014475	0.00000000000000000	0.01441137523780844	0.00000000000000000	0.01372529403659461	0.02900478717274512	0.00000000000000000	0.00000000000000000	0.26034902628046525	0.00200000000000000	0.93323818498198807	0.53456636115332490
Linehan_S1124.03.01	0.00703969564463036	0.00914396122517530	0.04236408911129794	0.03595845980560446	0.00000000000000000	0.09774384652532371	0.00000000000000000	0.02803554633015640	0.00253037728529556	0.00000000000000000	0.01743305182522576	0.01847144336923544	0.05612125580957297	0.16765296956475717	0.00439187302090649	0.13761974383562275	0.01753273410306271	0.03305793866095347	0.00000000000000000	0.05023310818064145	0.01632471803474322	0.25834518766779463	0.00200000000000000	0.71871776733309045	0.72052866318917574
Linehan_S1124.03.02	0.00899608216506223	0.01779443208891972	0.02303990205708923	0.03711458851906089	0.00000000000000000	0.04801036961630454	0.00000000000000000	0.00365929032645865	0.01848404585498675	0.01082807397716725	0.02744933122766104	0.00000000000000000	0.11210540071879954	0.27393643599845724	0.00484638688550773	0.19824999462638812	0.00974469675121930	0.01956678460454547	0.00402658396355916	0.01427220874043026	0.00000000000000000	0.16787539187838263	0.00200000000000000	0.80217218913291088	0.64994598683477167
Linehan_S1124.04.01	0.00000000000000000	0.14072010722441841	0.01929685214918013	0.14538188219956819	0.05042648944620202	0.04816402392350342	0.00000000000000000	0.01942086930163902	0.02882176493387175	0.00000000000000000	0.00364911075376999	0.03477153063467587	0.15450332342009876	0.04420514376368293	0.00195369659040901	0.03663245529419387	0.00000000000000000	0.00283605938781200	0.00000000000000000	0.13682346021738678	0.00000000000000000	0.13239323075958795	0.00200000000000000	0.83546494120379833	0.66694888233318506
Linehan_S1124.07.01	0.01676530689277412	0.00314269643148888	0.01483022055391683	0.02665656450643535	0.01468422474069878	0.01688592181793656	0.00000000000000000	0.00242195178131728	0.00000000000000000	0.00000000000000000	0.04110694250858085	0.00000000000000000	0.08756778033966583	0.23176318041033062	0.00178438737991442	0.14834306927963331	0.00146789442562111	0.00763089722379193	0.00000000000000000	0.03946081071960014	0.00000000000000000	0.34548815098829411	0.00200000000000000	0.79758537677111063	0.62073700404796728
Linehan_S1124.07.02	0.00361013222489736	0.00616256063710150	0.01396547547859566	0.03305015229387749	0.00000000000000000	0.11353564362691136	0.00000000000000000	0.01185087949582703	0.00000000000000000	0.00000000000000000	0.06122617018090857	0.00000000000000000	0.11388454233503396	0.13680063813018384	0.00000000000000000	0.02779992737984744	0.00000000000000000	0.03191410681726335	0.00000000000000000	0.07840265543599080	0.01223494782710107	0.35556216813646052	0.00200000000000000	0.74507389819571446	0.68000666564346768
Linehan_S1124.08.01	0.04044721094086166	0.00000000000000000	0.01412450095783935	0.07803639455432695	0.00602629166347277	0.07917627962953663	0.00000000000000000	0.00491783330501531	0.01676819515008241	0.00000000000000000	0.06183368305234146	0.00000000000000000	0.20232099474892928	0.12945985646272978	0.00000000000000000	0.03412435126562806	0.00000000000000000	0.04792963579269204	0.01418835455599801	0.00000000000000000	0.00000000000000000	0.27064641792054639	0.00200000000000000	0.89329072573751378	0.56168438795773368
Linehan_S1124.08.02	0.06450488873357134	0.00214346180176273	0.07306461001810212	0.06869746540390778	0.00000000000000000	0.20354565369794897	0.00000000000000000	0.03402841457577741	0.00252684648097215	0.00000000000000000	0.05032301894664292	0.01065084321205313	0.14114612265258214	0.11235094385521151	0.00271492664096503	0.09249867777131619	0.00000000000000000	0.03494618168661807	0.01989172592205011	0.01517460726914811	0.01249546701833997	0.05929614431303055	0.00200000000000000	0.71612630170781155	0.76477371639853986
Linehan_S1124.09.01	0.00594825492874852	0.02848422961585452	0.01543872482905860	0.10886733546458660	0.07855127962081017	0.17453630512027776	0.00000000000000000	0.00000000000000000	0.04829249494143317	0.00000000000000000	0.07237202786289400	0.02113784135314525	0.30128101537885427	0.01995877135645559	0.00259845391391924	0.02853880649335337	0.00828416125917196	0.00034738155476808	0.03308600133668575	0.00000000000000000	0.00000000000000000	0.05227691496998315	0.00200000000000000	0.90260068167158103	0.61102413649560638
Linehan_S1124.11.01	0.00000000000000000	0.02124669589297029	0.02061288586134312	0.21979281931913805	0.02346604333801936	0.02085524952402805	0.00000000000000000	0.00019420535038364	0.03137289402531719	0.00000000000000000	0.17678894250638028	0.02022722154256534	0.28052694509952592	0.03842081202786811	0.00269230885034973	0.04880019071063965	0.00333884696225171	0.00000000000000000	0.01969512309960681	0.00665763237167720	0.00000000000000000	0.06531118351793541	0.00200000000000000	0.86411904430307851	0.61566226087409548
Linehan_S1124.12.01	0.01407564427076682	0.00000000000000000	0.03142932436072388	0.15350940368837787	0.00000000000000000	0.07381765364912056	0.00469010155753937	0.04547970738362829	0.03395003586104938	0.00000000000000000	0.02838003332608034	0.05601037671147113	0.15772853219578742	0.18924146969201888	0.00567025761039943	0.07815004508857674	0.01190778629655872	0.00000000000000000	0.00000000000000000	0.04263725233787932	0.01460344915623821	0.05871892681378369	0.00200000000000000	0.66397382170741659	0.77735389301766766
Linehan_S1124.13.01	0.02876723660088218	0.00000000000000000	0.03804574086012947	0.11363322299226868	0.00000000000000000	0.26837802928737498	0.00000000000000000	0.01899366437911954	0.00000000000000000	0.00000000000000000	0.03417981889312618	0.02281014855834999	0.13424517400483837	0.04393372675342767	0.00000000000000000	0.09480386715849191	0.01128653798083460	0.08108045508456573	0.02034747639477185	0.00241348660688198	0.00000000000000000	0.08708141444493679	0.00200000000000000	0.55991853819579684	0.83819984867983155
Linehan_S1124.13.02	0.02833483996769584	0.01022429906866706	0.04972331336096403	0.17463336100509394	0.00000000000000000	0.15776701489026340	0.00000000000000000	0.00451064236769782	0.00324843120529579	0.00000000000000000	0.06021785327741874	0.00000000000000000	0.20129312687911291	0.05079157859260904	0.00171370925122404	0.11590362101474951	0.00517019860681748	0.02981594927728949	0.00666569045317829	0.00031621198230392	0.00000000000000000	0.09967015879961848	0.00200000000000000	0.82071888044603725	0.68354821833984958
Linehan_S1124.14.01	0.03850439075319455	0.00000000000000000	0.01274787601765650	0.05989965486242003	0.01131451685291725	0.07811877855091905	0.00000000000000000	0.03154052927065092	0.00000000000000000	0.00000000000000000	0.06210076949603946	0.04542321053270128	0.32868511010251517	0.03649810420123899	0.00000000000000000	0.00913420153223190	0.00438987458384504	0.04545204156050730	0.03240365264281812	0.00000000000000000	0.00000000000000000	0.20378728904034443	0.00200000000000000	0.76665014895710581	0.68032116862595304
Linehan_S1124.14.02	0.04226970959446951	0.02061211607178939	0.00445498502165128	0.09418948415710401	0.10765539526414275	0.15223349154406829	0.00851176190876707	0.00000000000000000	0.01243858959793453	0.00000000000000000	0.03422292837752022	0.01019760044755132	0.36965315163356283	0.01651265823956857	0.00000000000000000	0.02280160224634589	0.00089541396240362	0.00478672705605166	0.02111255849726871	0.00000000000000000	0.00000000000000000	0.07745182637980040	0.00200000000000000	0.91257263335176797	0.58617950458946044
Linehan_S1124.15.01	0.00000000000000000	0.00843856248343190	0.00891824649519098	0.10972097042114977	0.00835805636286340	0.07984907638145114	0.01971017764119058	0.00000000000000000	0.00100682241377048	0.01104986932408348	0.04581490838921660	0.00000000000000000	0.24240421915740876	0.04496681568929847	0.00000000000000000	0.01188089820294663	0.00000000000000000	0.00501890971341920	0.04202615472360973	0.00000000000000000	0.00000000000000000	0.36083631260096877	0.00200000000000000	0.91751476801865028	0.48358623550929936
Linehan_S1124.15.02	0.01518886932384154	0.00000000000000000	0.07801444693923722	0.07087571268568554	0.00000000000000000	0.27198023576007646	0.00000000000000000	0.02435827945503597	0.00000000000000000	0.04584040333434699	0.17292853843007264	0.00000000000000000	0.05551951195098023	0.07014863334794262	0.00066883724560501	0.04858511246844889	0.01141374190192344	0.03364989981518236	0.05831910802117098	0.00627293170768349	0.00764291824617029	0.02859281936659643	0.00200000000000000	0.54643884657740260	0.84134837131723239
Linehan_S1124.16.01	0.00000000000000000	0.03921278994412009	0.00319827927781264	0.06288871946338248	0.00000000000000000	0.16778394321834805	0.00423838837071205	0.00000000000000000	0.00719268016545900	0.04748669332794522	0.00000000000000000	0.02930346069163737	0.25163097023138675	0.07998502265715997	0.00000000000000000	0.00812843998852405	0.00000000000000000	0.00845502253548986	0.05210935495465002	0.00000000000000000	0.00000000000000000	0.23838623517337235	0.00200000000000000	0.93082276413518383	0.53158419899119846
Linehan_S1124.16.02	0.02634810593979915	0.02432054406502205	0.01492944915447858	0.06656626703123227	0.00000000000000000	0.13553174881995886	0.00000000000000000	0.00000000000000000	0.02330581802836845	0.00000000000000000	0.02112003779940433	0.02483163373753214	0.27703986522454610	0.17418453940008369	0.00000000000000000	0.02909033743402719	0.00620787487383467	0.04609796608093519	0.04087898712315614	0.00000000000000000	0.00000000000000000	0.08954682528762113	0.00200000000000000	0.77064406446922096	0.70907366920711767
Linehan_S1124.17.01	0.01015556361828593	0.01528504746494426	0.01001410735293692	0.01821983681223402	0.00000000000000000	0.10341761412505547	0.00000000000000000	0.00664381878905204	0.00260549177996149	0.00690139738151199	0.06056171603471070	0.00000000000000000	0.14493778753687470	0.25595986297744461	0.00000000000000000	0.10636026144094403	0.00177764416421900	0.00000000000000000	0.01841008092861464	0.00344172389150566	0.00000000000000000	0.23530804570170447	0.00200000000000000	0.91436276781973169	0.53305095550378168
Linehan_S1124.17.02	0.00000000000000000	0.00446750790766709	0.01803271768219449	0.05282758116871452	0.03526526230851339	0.07365191717140303	0.00000000000000000	0.00000000000000000	0.00000000000000000	0.00000000000000000	0.10564651984530243	0.00000000000000000	0.30777993739559878	0.11381178565150078	0.00000000000000000	0.00988187433193173	0.00000000000000000	0.01820092728146571	0.07750352181740074	0.00000000000000000	0.00000000000000000	0.18293044743830747	0.00200000000000000	0.90317923361268215	0.57220741881998116
Linehan_S1124.21.01	0.01792028947200049	0.01535644580882404	0.04624978125429222	0.34900827748067864	0.00000000000000000	0.05056362314055558	0.00000000000000000	0.02206751816439337	0.04969118656700644	0.00000000000000000	0.07828260801520988	0.05522462893564178	0.12260342260541683	0.02151465274074710	0.01252660548953508	0.07766675404463010	0.01012552944097728	0.00000000000000000	0.04953106154231227	0.00000000000000000	0.00000000000000000	0.02166761529777899	0.00200000000000000	0.79918989742545099	0.67393142480731016
Linehan_S1124.23.01	0.02373630778091374	0.00000000000000000	0.18018745865962582	0.08188071571698384	0.00000000000000000	0.13562382792065403	0.00000000000000000	0.03938199022203246	0.02127983593839274	0.00000000000000000	0.00763494993574407	0.07066618261577640	0.08990653270582624	0.03753059077567040	0.01708125617237791	0.12339129082353367	0.02677644549103571	0.02058480184091186	0.05017276905114946	0.00066332250711708	0.01881983266314006	0.05468188917911470	0.00200000000000000	0.64183141227038543	0.80371621810379834
Linehan_S1124.24.01	0.01207774969017616	0.00046492828899439	0.00608263455795316	0.07782381199501906	0.00000000000000000	0.10505753325374013	0.00000000000000000	0.01189881848386666	0.00000000000000000	0.00000000000000000	0.03589474857980310	0.00750195677571883	0.06731647799875580	0.33457806126945067	0.00521376570170000	0.08201693007745145	0.00000000000000000	0.04346436836464238	0.00000000000000000	0.03306669309918211	0.04496262624375717	0.13257889561978903	0.00200000000000000	0.57638928577723658	0.81808578038036583
Linehan_S1124.24.02	0.00763369692086261	0.01013895738607353	0.00166206976739023	0.05364268848516186	0.01321243193676970	0.07235840006021962	0.00000000000000000	0.00635305669154188	0.01683050201085216	0.00000000000000000	0.04520854815242654	0.00543780639901527	0.12820917248598906	0.28661376988166648	0.00000000000000000	0.21046218219810306	0.01416697624394635	0.01282424777043266	0.00483964757749769	0.00523431856609274	0.00026879018516525	0.10490273728079315	0.00200000000000000	0.76509988191178202	0.68677523041863919
Linehan_S1124.25.01	0.02802317819857435	0.01445638761387513	0.02027404242822980	0.04156865746383662	0.00000000000000000	0.08947385747966742	0.00101568641147681	0.01704001190343128	0.00000000000000000	0.00000000000000000	0.05833606825907042	0.00000000000000000	0.14685040800969815	0.22138687540317459	0.00000000000000000	0.11394270830157921	0.00000000000000000	0.12947343971053690	0.01642492933641312	0.00155293807074341	0.03864404426683430	0.06153676714285823	0.00200000000000000	0.51823568090582894	0.85713032437753633
Linehan_S1124.25.02	0.01165393347570247	0.00616081175578512	0.00477796014674692	0.04641859156251363	0.02145937848526714	0.06822103411262020	0.02449190623031214	0.00030999689294876	0.01074647585493232	0.00000000000000000	0.12363801841784307	0.00000000000000000	0.40231720911209518	0.10630120187542168	0.00422801848080065	0.03874303374257741	0.00295919658852063	0.01914262092174440	0.02746473835451990	0.00000000000000000	0.00000000000000000	0.08096587398964834	0.00200000000000000	0.82134091344206495	0.65129546602423383
Linehan_S1124.28.01	0.00000000000000000	0.00759554096329595	0.00404533610066857	0.06970859713794621	0.00000000000000000	0.08088647127744146	0.00223113219164405	0.00000000000000000	0.00000000000000000	0.00000000000000000	0.06619287853475400	0.00000000000000000	0.18430518688208633	0.13434987830212730	0.00000000000000000	0.07823074405588101	0.00000000000000000	0.01712334826164927	0.01422032288921878	0.00214842572668864	0.00000000000000000	0.33896213767659850	0.00200000000000000	0.91060219870657333	0.50243544216542158
Linehan_S1124.28.02	0.01065257643180567	0.00000000000000000	0.00349188620459137	0.04300802184825828	0.00000000000000000	0.09040519617338139	0.00000000000000000	0.01046324270302910	0.00000000000000000	0.00000000000000000	0.00475109579595343	0.03460209480648117	0.10145796000592028	0.06235809212697597	0.00000000000000000	0.05265049273104654	0.00000000000000000	0.05172762193981337	0.00000000000000000	0.30428546945427215	0.00000000000000000	0.23014624977847137	0.00200000000000000	0.76758933895167492	0.66331084369005855
Linehan_S1124.30.01	0.01847497805766409	0.00321058103557434	0.02886993856958819	0.00450120041891162	0.02640031590637667	0.02864676838711962	0.00000000000000000	0.00000000000000000	0.00000000000000000	0.03282113636433438	0.04102326607493209	0.00000000000000000	0.10356948476353824	0.15373534681151702	0.00185921447566887	0.12990959373988176	0.00284036496810716	0.01857856872647859	0.00000000000000000	0.01752430261573561	0.00204102047843605	0.38599391860613569	0.00200000000000000	0.90415781208416235	0.49435144466695313
Linehan_S1124.30.02	0.01150326032802880	0.00328564916133180	0.01958826786420872	0.02752697015960319	0.00000000000000000	0.03688782979261483	0.00000000000000000	0.02176244084159639	0.00579887245624553	0.01447982092737160	0.00464610780881767	0.01186900129566909	0.02817714185762001	0.36239708161666534	0.00660855398129593	0.31898175781426341	0.00665475626296213	0.00189599049240580	0.04378761865267803	0.00645815772256230	0.00000000000000000	0.06769072096405936	0.00200000000000000	0.67586945108129282	0.74344329366355899
Linehan_S1124.31.01	0.01431492086945233	0.01821005207550239	0.00944736129946445	0.02870202771317376	0.00000000000000000	0.06871246371093456	0.00082887433207939	0.01029274972299818	0.00000000000000000	0.00000000000000000	0.02759944008368077	0.00000000000000000	0.12090200113547550	0.29097077812933458	0.00458756097285125	0.24334635602365154	0.00000000000000000	0.02136247895155940	0.02584733811356975	0.00000000000000000	0.02528866410781169	0.08958693275846041	0.00200000000000000	0.72819795004468835	0.71372576975421465
Linehan_S1124.31.02	0.00139115003311698	0.01426595739734034	0.00559519500094558	0.03459546440719537	0.00000000000000000	0.06299366866389898	0.00000000000000000	0.00784278670341223	0.00000000000000000	0.00000000000000000	0.02951570041780410	0.00000000000000000	0.09531285292713383	0.26241430024720602	0.00000000000000000	0.24362349095300945	0.00000000000000000	0.04607361827374426	0.03894583568407781	0.00000000000000000	0.00000000000000000	0.15742997929111507	0.00200000000000000	0.78986985245200847	0.66119956987145090
Linehan_S1124.32.01	0.00616586582856488	0.00155963880812969	0.12719083828684391	0.02888597798778030	0.00000000000000000	0.08057176078901253	0.02590312339413472	0.02624187159688083	0.00000000000000000	0.00000000000000000	0.08678297613959396	0.00000000000000000	0.21162509458183956	0.08288016760264778	0.02595670019438111	0.06658768321660137	0.01588123071149517	0.03844262101466208	0.00000000000000000	0.03782259069251508	0.01440022901456371	0.12310163014035334	0.00200000000000000	0.78988174119442400	0.70652372631255866
Linehan_S1124.32.02	0.01857095813660821	0.00282233481162046	0.01458600821351945	0.06239029875616138	0.00000000000000000	0.03275718003458680	0.00000000000000000	0.04448847650902855	0.00000000000000000	0.00000000000000000	0.06154694932742037	0.00000000000000000	0.18695711473645205	0.05833325325245444	0.01530681309477584	0.08707605845135022	0.02085361613681851	0.01890047068966884	0.00000000000000000	0.14567941394371126	0.02616613162000170	0.20356492228582204	0.00200000000000000	0.72311653337780624	0.72164218557155158
Linehan_S1124.33.01	0.00415411161028861	0.00000000000000000	0.01984760750900533	0.03945858208993033	0.00000000000000000	0.09280497413133140	0.00000000000000000	0.01609326383959853	0.00000000000000000	0.00000000000000000	0.00000000000000000	0.02188926422049665	0.00456108441553502	0.06581006694909124	0.00657571639321644	0.02032044623127688	0.00000000000000000	0.00764107073419020	0.00000000000000000	0.27401586485938384	0.00000000000000000	0.42682794701665561	0.00200000000000000	0.77462966631432795	0.63843782676400962
Linehan_S1124.33.02	0.00000000000000000	0.00000000000000000	0.01462553824648206	0.00805486179803348	0.00000000000000000	0.04993060500001878	0.00159035049704547	0.02140304953365547	0.00000000000000000	0.00000000000000000	0.00000000000000000	0.00824141727195328	0.00905422746861849	0.02758397580423547	0.00517932016718746	0.00092841675459784	0.00000000000000000	0.01952178565192494	0.00000000000000000	0.33478399941939874	0.01098226464481603	0.48812018774203259	0.00200000000000000	0.75097895905956091	0.66465630934284825
Linehan_S1124.34.01	0.03274993752882884	0.00784046412650454	0.01854864666906037	0.11306476032168004	0.00000000000000000	0.22414214213112640	0.00000000000000000	0.00000000000000000	0.00000000000000000	0.00000000000000000	0.08610114745648599	0.00000000000000000	0.20642648686688100	0.06355861034414194	0.00000000000000000	0.02963878375979720	0.01458547603907262	0.05900527653261662	0.00000000000000000	0.05583767293100843	0.00335763816623060	0.08514295712656550	0.00200000000000000	0.67314084026997323	0.77403162105193490
Linehan_S1124.34.02	0.01783180440579931	0.01934629845342919	0.01396267199731040	0.08631794763363819	0.00000000000000000	0.31486356821524580	0.00000000000000000	0.00000000000000000	0.00000000000000000	0.00000000000000000	0.08435749737806214	0.00000000000000000	0.20128218268164919	0.04403527953301768	0.00000000000000000	0.04530739670123899	0.01374535470769972	0.06902270731507706	0.00000000000000000	0.04666683581963210	0.00091539385142859	0.04234506130677159	0.00200000000000000	0.69057674057782359	0.76555851549223575
Linehan_S1124.35.01	0.00000000000000000	0.03254965259146782	0.02480068278866256	0.03733688362099177	0.00000000000000000	0.10420851244066363	0.01792783033500605	0.00000000000000000	0.00000000000000000	0.00000000000000000	0.07799011358244855	0.00000000000000000	0.11496390788471823	0.14744940761743883	0.00510617855386743	0.12131247726632539	0.03101631234627743	0.06822432096111539	0.02933514565706591	0.01208702167036038	0.01088893505862090	0.16480261762496978	0.00200000000000000	0.69524413892619141	0.75577018201428947
Linehan_S1124.35.02	0.00000000000000000	0.00252047892837281	0.02147959821907661	0.06262358493895030	0.00000000000000000	0.05216023715436342	0.00094221865385542	0.01000739199472581	0.00000000000000000	0.00254286712557690	0.00000000000000000	0.00873520361658682	0.05574383166895525	0.25295893401834513	0.00000000000000000	0.38676920710183427	0.03083732285358878	0.03652752230129275	0.04478003702625644	0.00059355533705859	0.00522450112329477	0.02555350793786604	0.00200000000000000	0.69552704415896938	0.73683173505810406
Linehan_S1124.37.01	0.02250144913970817	0.01707471369803504	0.02442446601495766	0.11853295688963543	0.00000000000000000	0.06889582308693520	0.00000000000000000	0.02575579067909433	0.00000000000000000	0.00000000000000000	0.01777881095688282	0.02262470736395818	0.18579131622807163	0.00750613297252533	0.00000000000000000	0.06326210699374014	0.03452907116010427	0.03990073772545874	0.07902434236521638	0.00000000000000000	0.00000000000000000	0.27239757472567661	0.00200000000000000	0.87197284315819401	0.59962265906490686
Linehan_S1124.37.02	0.03592449732256544	0.04162152168522115	0.01174071254726113	0.16164424930259125	0.00000000000000000	0.10650602514437033	0.00245661277684418	0.00002134334235943	0.00818172208309041	0.00000000000000000	0.06740709443886345	0.00000000000000000	0.32972902758080691	0.02716412192022337	0.00029741005638831	0.06355941726813540	0.00362020000773033	0.02019071856704345	0.03597833027452451	0.00000000000000000	0.00000000000000000	0.08395699568198102	0.00200000000000000	0.88499178736121831	0.62415084568107448
Linehan_S1124.38.01	0.00211818350711816	0.02340795743270390	0.00403280595186853	0.12288495370804513	0.01708271230291544	0.04598351009538142	0.01193667026978966	0.00000000000000000	0.00000000000000000	0.00000000000000000	0.08810736043759412	0.00626857892129904	0.28930902164762889	0.03789027053427769	0.00000000000000000	0.00000000000000000	0.00000000000000000	0.01368175858394711	0.03770194893150147	0.00000000000000000	0.00000000000000000	0.29959426767592950	0.00200000000000000	0.83945708458213686	0.59022868579040622
Linehan_S1124.38.02	0.00686627269430082	0.01081237787695734	0.01014647690947172	0.04274123884233019	0.02260100299852753	0.12488349374844755	0.01776560716548813	0.00000000000000000	0.00000000000000000	0.02011393497568376	0.07694786473705743	0.00467396924553057	0.27488348181917055	0.03466367056084036	0.00000000000000000	0.01244827808064686	0.00221574614013772	0.01762326282697433	0.11051296647176698	0.00000000000000000	0.00000000000000000	0.21010035490666809	0.00200000000000000	0.90327216521451370	0.57518951104312899
Linehan_S1124.40.01	0.02560449540636348	0.02524624281882465	0.06667467747189609	0.11295515727202746	0.00000000000000000	0.14911471315682179	0.00000000000000000	0.01711731532590646	0.07860823038834350	0.00000000000000000	0.00000000000000000	0.10376206202379479	0.14627674976860836	0.08826249925526430	0.00851254480401530	0.07836754582394405	0.01111086016827418	0.00482966737173203	0.05256868277294164	0.00000000000000000	0.00003417983111838	0.03095437634012373	0.00200000000000000	0.59031690453899865	0.82448051275017287
Linehan_S1124.41.01	0.04875229127366393	0.00000000000000000	0.03428228264220074	0.07099935931630322	0.00046273011615040	0.10425947958138690	0.01622263579533622	0.00000000000000000	0.00000000000000000	0.00705231397332616	0.04580097041478930	0.00982356418389748	0.18366419455836838	0.00000000000000000	0.00000000000000000	0.02125457204655287	0.00201171957279876	0.01578928344878009	0.04619857299998108	0.00000000000000000	0.00000000000000000	0.39342603007646448	0.00200000000000000	0.94220997525657280	0.45269145361262531
Linehan_S1124.41.02	0.02019707972584793	0.02618973236242451	0.02412343702410785	0.09240216043853305	0.00000000000000000	0.12071599012297085	0.01566455127246117	0.00000000000000000	0.00000000000000000	0.00000000000000000	0.04012593944695524	0.00390827992701015	0.18874250142576129	0.01642724281255363	0.00000000000000000	0.01821276881934090	0.00270681562650418	0.00896050855812527	0.05417167818962478	0.00000000000000000	0.00000000000000000	0.36745131424777916	0.00200000000000000	0.92287311752981716	0.49180917978636557
Linehan_S1124.42.01	0.00000000000000000	0.00867768361985255	0.03432118671796468	0.05501789216705249	0.00000000000000000	0.13995502296809578	0.00972532297650186	0.00002510473120468	0.00000000000000000	0.00000000000000000	0.04693335394931528	0.01796424307086159	0.18219383450054469	0.17760019640602251	0.00438748087383870	0.06373774344254472	0.01303755082646673	0.01265883018622708	0.02465551828498218	0.00000000000000000	0.00633460453062596	0.20277443074789836	0.00200000000000000	0.84581456488375684	0.62988198943938867
Linehan_S1124.42.02	0.00000000000000000	0.01700805365166388	0.00872254819571979	0.04760579261846489	0.00000000000000000	0.19093657006285272	0.00000000000000000	0.00000000000000000	0.00000000000000000	0.00000000000000000	0.03659940621678476	0.00976962017166893	0.06995225763134540	0.28899064410211728	0.00585281029773879	0.17266682765679958	0.01397025611162619	0.03588656706415324	0.02071029794473953	0.01670128314178613	0.00000000000000000	0.06462706513253877	0.00200000000000000	0.62530236728740707	0.79237891282418604
Linehan_S1124.43.01	0.02704666108506482	0.00188447664012915	0.01464961662997912	0.08764389018653251	0.00000000000000000	0.09751407119049053	0.00000000000000000	0.01545943549040909	0.00047722021043246	0.00000000000000000	0.08163632902428855	0.00000000000000000	0.12101854852689724	0.19700805073109268	0.00000000000000000	0.06527508715275977	0.00000000000000000	0.03731048101782894	0.00322065990312534	0.01654905297205521	0.00000000000000000	0.23330641923891460	0.00200000000000000	0.85414019053382384	0.61372675208243388
Linehan_S1124.43.02	0.01063519203306232	0.00000000000000000	0.01781619234878212	0.06239527666515092	0.03300718309535843	0.05399197107343053	0.03540049571036167	0.00000000000000000	0.00637382348412040	0.02174472195056294	0.04410044709151878	0.00000000000000000	0.30041788062479813	0.17187522350275286	0.01513254080212989	0.10507386956493750	0.00075942608652996	0.00000000000000000	0.02795578454354571	0.00000000000000000	0.00000000000000000	0.09331997142295788	0.00200000000000000	0.79883808227304864	0.67754495841871021
Linehan_S1124.46.01	0.01063030443324032	0.00084078811371834	0.01773778521905349	0.03497316276503248	0.00000000000000000	0.02473115587748105	0.00000000000000000	0.01965096040918270	0.01321336144979256	0.00000000000000000	0.04212693863848101	0.00000000000000000	0.05045338615786000	0.20593379708574419	0.00532479263486541	0.09821445148735977	0.00103982072439677	0.01499046786151842	0.00000000000000000	0.13690261910952070	0.00000000000000000	0.32323620803275294	0.00200000000000000	0.77425092359719971	0.65295702514597709
Linehan_S1124.46.02	0.00000000000000000	0.02931484315594741	0.01282412364412693	0.03009647024154338	0.00000000000000000	0.04590462318241782	0.00000000000000000	0.00236681156688325	0.00000000000000000	0.00000000000000000	0.01222812751126100	0.00800267116134843	0.04297039199806745	0.35860320616857966	0.00000000000000000	0.31554136101720887	0.00000000000000000	0.03912154923433009	0.01499981036436780	0.00000000000000000	0.00000000000000000	0.08802601075391775	0.00200000000000000	0.75889933560256528	0.67323362335186199
Linehan_S1124.48.01	0.02926719609799497	0.00000000000000000	0.10599026274147894	0.06912568824492837	0.00000000000000000	0.14603483226521974	0.04230145851541835	0.00378173348313627	0.00000000000000000	0.01035232745243917	0.04401736132922217	0.00920151343125396	0.13153280916232002	0.00750736893428706	0.00000000000000000	0.12693310906381372	0.02560081048980404	0.02891502588044727	0.01904647250292644	0.02660884411446546	0.00634211939335149	0.16744106689749272	0.00200000000000000	0.82400887576916604	0.68923653077372571
Linehan_S1124.48.02	0.00051229192899219	0.00000000000000000	0.04177066934711805	0.01787674007763098	0.00000000000000000	0.07952627145955553	0.00000000000000000	0.00979060466192253	0.00000000000000000	0.04525715151622609	0.01434237243349447	0.00000000000000000	0.14702811088716750	0.06401173123841657	0.00624056637716533	0.00346732279915220	0.00000000000000000	0.04234432287865446	0.00000000000000000	0.18260235608477351	0.00000000000000000	0.34522948830973049	0.00200000000000000	0.77296837197874202	0.65269559586770587
Linehan_S1124.51.01	0.04983695622277612	0.00000000000000000	0.02739368811937967	0.05669508665777062	0.00000000000000000	0.15497775708130093	0.00000000000000000	0.05853128721936533	0.03692285705785507	0.00000000000000000	0.04498459700512441	0.01853939798786657	0.14652251007820477	0.07079269387120025	0.01627863454056365	0.05750057001247282	0.01811670545324611	0.03969962266663597	0.02067480956633053	0.01051105230307713	0.00000000000000000	0.17202177415682995	0.00200000000000000	0.47955715701773755	0.87725729557084930
Linehan_S1124.51.02	0.03493992222039565	0.00000000000000000	0.05138120228012862	0.05786876008152104	0.00000000000000000	0.16440201429597220	0.00000000000000000	0.01649318125603216	0.00000000000000000	0.00000000000000000	0.09553863912251902	0.01547195065941849	0.11322325544666104	0.10973874973013430	0.00000000000000000	0.08861480542966385	0.00817804051254679	0.07049390639527675	0.08144500178275936	0.00000000000000000	0.00463871318050508	0.08757185760646564	0.00200000000000000	0.31752038732830523	0.95129322357519830
Linehan_S1124.52.01	0.01312479144859045	0.00916795984413328	0.00618354482469807	0.11513381312535871	0.01482689482658577	0.07857813155201111	0.00000000000000000	0.00183214464500240	0.03717835588773143	0.00000000000000000	0.06427665066132991	0.00000000000000000	0.11502208478072069	0.27644245833460029	0.00035060665390139	0.13357301681457681	0.00000000000000000	0.00454174380536480	0.00322353188272414	0.04320612612503399	0.00000000000000000	0.08333814478763664	0.00200000000000000	0.81995174854268926	0.66142254397460876
Linehan_S1124.53.01	0.12651530195500940	0.08149635727559729	0.02116068153466046	0.13012478003209269	0.07883128085009972	0.15657430846318574	0.00014761957501745	0.00000000000000000	0.00000000000000000	0.00000000000000000	0.05702145234483279	0.00000000000000000	0.16252551992844413	0.03736751648274157	0.00000000000000000	0.04295494682055345	0.01009858164909398	0.02615209610871927	0.01844939947467250	0.00000000000000000	0.00000000000000000	0.05058015750527985	0.00200000000000000	0.87663042468657304	0.65229041429317580
Linehan_S1124.53.02	0.02515084916635417	0.01211684802828077	0.00616900259238661	0.10223932514327527	0.00000000000000000	0.14732341659212461	0.00000000000000000	0.00000000000000000	0.00198726268659952	0.00000000000000000	0.03165418091493005	0.04428597504564168	0.24401753813892438	0.00461644235240755	0.00582378550539831	0.01451460287219160	0.00579369436767331	0.01545767682990786	0.00000000000000000	0.11103165139670364	0.00000000000000000	0.22781774836720070	0.00200000000000000	0.91420732284843598	0.55013208511700540
Linehan_S1124.54.01	0.01668664515914139	0.05008344820522627	0.15643422755957373	0.03540907719071620	0.01083171603751419	0.15085057867297277	0.02860117459036728	0.00000000000000000	0.00000000000000000	0.00000000000000000	0.07904170570026772	0.00273238330264072	0.14772499703836786	0.00000000000000000	0.00281752306495915	0.09663144485685049	0.00381041879920778	0.01596444246082090	0.00289264418329275	0.00650065466026541	0.00000000000000000	0.19298691851781530	0.00200000000000000	0.56762099143222222	0.82912325074818805
Linehan_S1124.54.02	0.06445028483832972	0.00000000000000000	0.20763713375544651	0.06335396810089708	0.00000000000000000	0.11695043025950586	0.02129808953483952	0.01095655975410952	0.00000000000000000	0.00093566197153065	0.07681620593682872	0.00000000000000000	0.08290634312964357	0.08185488732197053	0.00000000000000000	0.12115106997205172	0.00088329231447200	0.05839181480242132	0.00622302497828828	0.01742236150602789	0.00389129137896628	0.06487758044467101	0.00200000000000000	0.75440185240022628	0.74010799071681443
Linehan_S1124.57.01	0.00000000000000000	0.03409711602252397	0.03152005157425523	0.04050686962331431	0.00000000000000000	0.17103511212664244	0.00028131961931299	0.00000000000000000	0.00000000000000000	0.00000000000000000	0.07076802631660786	0.00000000000000000	0.11441464861276610	0.00424330248025269	0.00000000000000000	0.00975510994301560	0.00000000000000000	0.02721493757857250	0.02851810453356433	0.00000000000000000	0.00000000000000000	0.46764540156917189	0.00200000000000000	0.90454040474590258	0.47858442551341523
Linehan_S1124.57.02	0.00139274424487062	0.03167052695289760	0.01609330341829851	0.07424273683212398	0.00000000000000000	0.16680492304133845	0.01191734359561914	0.00000000000000000	0.00000000000000000	0.00996949080957155	0.07360135812086867	0.00000000000000000	0.16786129668454558	0.03066462226249813	0.00079828904816887	0.00000000000000000	0.00737585960295447	0.01589858412646162	0.05025774952804829	0.00000000000000000	0.00000000000000000	0.34145117173173462	0.00200000000000000	0.88121924409901875	0.55406931400446513
