Mixture	B cells naive	B cells memory	Plasma cells	T cells CD8	T cells CD4 naive	T cells CD4 memory resting	T cells CD4 memory activated	T cells follicular helper	T cells regulatory (Tregs)	T cells gamma delta	NK cells resting	NK cells activated	Monocytes	Macrophages M0	Macrophages M1	Macrophages M2	Dendritic cells resting	Dendritic cells activated	Mast cells resting	Mast cells activated	Eosinophils	Neutrophils	P-value	Correlation	RMSE
Olive_SRR5163411	0.00674824397824737	0.00207817852069444	0.01633717744596740	0.04231441982017151	0.00000000000000000	0.19208242940043763	0.00486492310572337	0.00080832932587427	0.02015419109028076	0.00000000000000000	0.05690627600712066	0.00000000000000000	0.02285412701917819	0.04121575977460368	0.00321540070519603	0.20212702463860927	0.01692318813690111	0.04388382989318621	0.30111193342411380	0.00000000000000000	0.00352843259694872	0.02284613511674545	0.00000000000000000	0.58530676053229258	0.82392823433355533
Olive_SRR5163412	0.00698443468147754	0.00210075337436364	0.00565292234877122	0.05579053009430786	0.00000000000000000	0.17816767576558304	0.00540671917816571	0.00518017133239095	0.01343206558588614	0.00000000000000000	0.06331288649652053	0.00000000000000000	0.02113384118215510	0.04519155072171678	0.00551413445119916	0.22081843631981571	0.01221439712463098	0.03714112841672812	0.29666581306861817	0.00361746441602665	0.00071768462738642	0.02095739081425616	0.00000000000000000	0.57779835115621503	0.82672576587840707
Olive_SRR5163414	0.00291891235936150	0.00492568210394643	0.00000000000000000	0.00894337260750344	0.00000000000000000	0.13751433765369805	0.00297337555146870	0.01198336202439755	0.02559644111482140	0.00000000000000000	0.00000000000000000	0.03215551096320758	0.01049976986440035	0.03136514658264503	0.00000000000000000	0.21105519082717247	0.00000000000000000	0.16115066150596957	0.35391270415107462	0.00000000000000000	0.00000000000000000	0.00500553269033350	0.00000000000000000	0.60692830324404301	0.80413732362976398
Olive_SRR5163416	0.01815162687835192	0.00000000000000000	0.00000000000000000	0.00000000000000000	0.00273228496358845	0.26080143870540595	0.00661566672329236	0.00000000000000000	0.00000000000000000	0.00000000000000000	0.05280571995656784	0.00000000000000000	0.01738198571359590	0.00280452468256262	0.00000000000000000	0.25627897118259702	0.05696106954539056	0.21709392289896493	0.08687960926964078	0.00000000000000000	0.00403475608165567	0.01745842339838595	0.00000000000000000	0.59026186968699146	0.82170852677939221
Olive_SRR5163418	0.00380242785788520	0.00000000000000000	0.00464671498517845	0.02971692370604859	0.00000000000000000	0.30551109090248074	0.00255405400378835	0.00000000000000000	0.00000000000000000	0.00000000000000000	0.04136162567022663	0.00000000000000000	0.02207184407942578	0.00041923700153933	0.01806854608487999	0.16248435123770788	0.01020315142319731	0.05470832675827821	0.33836928309669140	0.00000000000000000	0.00000000000000000	0.00608242319267220	0.00000000000000000	0.70635954578890536	0.74757001521381039
Olive_SRR5163420	0.00684769034724158	0.00006209052569523	0.00534453127330247	0.05331138744814090	0.00000000000000000	0.18914643106594367	0.05675852934911503	0.00628919365353728	0.02540251177723773	0.00000000000000000	0.03763127674695295	0.00726375417014074	0.01417299165210622	0.04990833917434299	0.00536405998852184	0.16112045432758967	0.01402240939278578	0.05022620788988583	0.26394717113238325	0.00641784217960537	0.00747562925042424	0.03928749865504729	0.00000000000000000	0.53486515734135209	0.85203281554643362
Olive_SRR5163422	0.01713121182064319	0.00000000000000000	0.00945586622700828	0.07882170037150124	0.00000000000000000	0.32876844884244205	0.04669791295684225	0.00000000000000000	0.00000000000000000	0.00000000000000000	0.03281647682755693	0.00000000000000000	0.03912696568405345	0.01427833260439000	0.00199223020768940	0.08095141384218389	0.01242984445126583	0.09349126515287121	0.15694285814182568	0.02035113859293115	0.00000000000000000	0.06674433427679542	0.00000000000000000	0.72575976912040407	0.75106856651958609
Olive_SRR5163423	0.02718261915632659	0.00000000000000000	0.01366483866332698	0.01917636475592918	0.00000000000000000	0.38922418531376229	0.02948560745365122	0.00000000000000000	0.00000000000000000	0.00316835732500574	0.03842536772107006	0.00000000000000000	0.03872298907922642	0.01123383145948600	0.00723863580991664	0.07898362547389030	0.01520048563985444	0.08219371870831430	0.14963178445112579	0.02445371181361343	0.00000000000000000	0.07201387717550042	0.00000000000000000	0.74627443459284915	0.73992941129031486
Olive_SRR5163424	0.02268781290887429	0.00000000000000000	0.01290498437466201	0.03176578546358193	0.00000000000000000	0.23769125922009898	0.08724081810867103	0.00211656385473150	0.05217524195745449	0.00000000000000000	0.06736064132850460	0.00000000000000000	0.00876414146704791	0.03432180815788440	0.00000000000000000	0.09973099132623575	0.02399686832334129	0.08174296941536112	0.17624052062751630	0.00621804867776080	0.02690746979294900	0.02813407499532452	0.01800000000000002	0.21997487714348002	0.99032210689352018
Olive_SRR5163426	0.03109737441277725	0.00000000000000000	0.00521166406901835	0.03679357237237647	0.00000000000000000	0.14500314331020969	0.05638613177157172	0.00416258055886812	0.03389231478738726	0.02361663289173596	0.03026820819829512	0.00000000000000000	0.00602099347346799	0.05464033823621457	0.01759269975697740	0.27501004524591033	0.00000000000000000	0.02639360006045717	0.16954225361109818	0.02184589151345854	0.03194380336324250	0.03057875236693324	0.00400000000000000	0.30129742661704961	0.95862735948208511
Olive_SRR5163429	0.00700741099276897	0.00000000000000000	0.02484204004184644	0.01122228325552532	0.00000000000000000	0.24726901951623506	0.02034763180899991	0.00000000000000000	0.00000000000000000	0.00000000000000000	0.04177624252700400	0.00000000000000000	0.00000000000000000	0.02411009664639339	0.00029007807839050	0.14596973964279744	0.00743299209906769	0.04940400066278752	0.23359396006617161	0.00098387949709243	0.00000000000000000	0.18575062516491983	0.00000000000000000	0.67708149072616064	0.76958931325602731
Olive_SRR5163430	0.00652020180659812	0.00000000000000000	0.02496748384749129	0.00503278687534168	0.00000000000000000	0.21286094177307396	0.01639247993652842	0.00000000000000000	0.00000000000000000	0.00000000000000000	0.05154547040021514	0.00000000000000000	0.00000000000000000	0.05120647025990545	0.00352409276493983	0.15195850385801321	0.00753392154702926	0.04380561377469907	0.23793644235738834	0.00578027370684382	0.00000000000000000	0.18093531709193225	0.00000000000000000	0.67535148193152128	0.76959732081924015
Olive_SRR5163433	0.00000000000000000	0.01159998737500050	0.00470417281994198	0.08507211507680075	0.00000000000000000	0.24381468402228482	0.04903988398231984	0.02047843251778956	0.00000000000000000	0.00000000000000000	0.00000000000000000	0.00933185321576373	0.00138534699855695	0.03520290817015436	0.08025938455613094	0.24649866867784836	0.01692124322582177	0.01588654416098010	0.17289481908067891	0.00000000000000000	0.00000000000000000	0.00690995611992744	0.00000000000000000	0.69319664196383723	0.77055804007667517
Olive_SRR5163434	0.00000000000000000	0.03299036065255919	0.00493622369682882	0.01850752281516407	0.00000000000000000	0.26296464792157420	0.05690792226066538	0.01219638677291613	0.00000000000000000	0.02049444398931950	0.00000000000000000	0.00899054018673290	0.00000000000000000	0.00886252147672037	0.08631140126588174	0.25309907322295838	0.02168148625252918	0.01544192468144581	0.18789802624077201	0.00000000000000000	0.00073708215323583	0.00798043641069640	0.00000000000000000	0.71113674747567823	0.76301953191524530
Olive_SRR5163437	0.00635860151925909	0.00000000000000000	0.00065070196079511	0.03372836724231016	0.00000000000000000	0.17516533368910719	0.22969783126970891	0.00000000000000000	0.00000000000000000	0.00000000000000000	0.05683582487512815	0.00000000000000000	0.03182129537599467	0.00000000000000000	0.01571352363678575	0.20804262339031782	0.09122380151571265	0.00010321354166003	0.13016083988126945	0.00000000000000000	0.00217590628586136	0.01832213581608977	0.00000000000000000	0.49292204958675617	0.87706067524817710
Olive_SRR5163438	0.00679951165950953	0.00000000000000000	0.00281799070344006	0.03777863028453105	0.00000000000000000	0.18542895476100765	0.20144489055965542	0.00000000000000000	0.00000000000000000	0.00000000000000000	0.07399980354579548	0.00000000000000000	0.04736080188551622	0.01598625204922611	0.02429095789640297	0.17640511290863717	0.06853643726252984	0.00186038982006774	0.13401163285258200	0.00000000000000000	0.00277162189430807	0.02050701191679075	0.00000000000000000	0.48325600902596083	0.88090858361209012
Olive_SRR5163446	0.00000000000000000	0.01455199898652016	0.00392204774136752	0.05291910003727230	0.00000000000000000	0.18082123084548285	0.02406364242510086	0.03008216624538878	0.00402118414003349	0.01946999124352480	0.00000000000000000	0.01930634030772895	0.01685282888535272	0.03184530734796249	0.00968686473889203	0.18088942876919425	0.02252200539550584	0.02124756554654116	0.32881676834254703	0.00000000000000000	0.00000000000000000	0.03898152900158464	0.00000000000000000	0.61987862024080442	0.80235908694358482
Olive_SRR5163448	0.00000000000000000	0.00000000000000000	0.00447439690369817	0.02175030928305138	0.00000000000000000	0.48119125726498546	0.03766987761836399	0.00000000000000000	0.00000000000000000	0.00000000000000000	0.00000000000000000	0.00146998547386566	0.04662363341831503	0.00000000000000000	0.00000000000000000	0.09066189374747008	0.01133440280047495	0.06683675297066596	0.20888831993932816	0.00000000000000000	0.00000000000000000	0.02909917057978112	0.00000000000000000	0.60210607977556208	0.81214108094646753
Olive_SRR5163450	0.00000000000000000	0.01264924534521796	0.00383362775946750	0.00207261975608996	0.00000000000000000	0.21622394230217615	0.00000000000000000	0.00000000000000000	0.00000000000000000	0.00000000000000000	0.00175292831004244	0.02833203456600113	0.02843174585863273	0.08701770485394113	0.00000000000000000	0.19113296880614805	0.06802146174315921	0.08096541146027236	0.20085110641712933	0.00000000000000000	0.02456423045824795	0.05415097236347408	0.00000000000000000	0.54473581787557435	0.84779445392490127
Olive_SRR5163452	0.00000000000000000	0.01705888807383691	0.00840031196913680	0.01436688321726360	0.00000000000000000	0.36049773906618005	0.00110889693155895	0.00000000000000000	0.00000000000000000	0.00000000000000000	0.00000000000000000	0.02415453295547422	0.05633304693731659	0.00000000000000000	0.01083743028304423	0.29571958300409013	0.02522320924186355	0.04629177439073540	0.11529273535686399	0.00000000000000000	0.00922410818583511	0.01549086038680059	0.00000000000000000	0.57978678918531201	0.83071978219930187
Olive_SRR5163454	0.00000000000000000	0.00849131356273358	0.01955653614363084	0.01386351952457955	0.00000000000000000	0.27578900942819484	0.07560967033247891	0.00621523579472382	0.00000000000000000	0.00000000000000000	0.03978711266043504	0.01992694919340829	0.00532480647944581	0.00000000000000000	0.01109551450136848	0.20315916297574094	0.00516145397681029	0.04991541865863507	0.19846302242947619	0.00000000000000000	0.00000000000000000	0.06764127433833826	0.00000000000000000	0.67695142875700098	0.78475872750987063
Olive_SRR5163456	0.00667323631000683	0.00000000000000000	0.00684649137461111	0.03253277008542017	0.00000000000000000	0.18783261561401032	0.00360859477305735	0.00000000000000000	0.00000000000000000	0.00000000000000000	0.01900629850964199	0.00197909721245969	0.00813721199756856	0.12362704081299708	0.01084090215715978	0.28533366771417790	0.01328134076876443	0.03966366423420933	0.19242032050191388	0.01053060562488819	0.04220529073149693	0.01548085157761657	0.00000000000000000	0.70473754897033947	0.75676561836969436
Olive_SRR5163458	0.01478365323996100	0.00000000000000000	0.00501194770032665	0.00000000000000000	0.00000000000000000	0.38766794898221346	0.03282153903511513	0.00000000000000000	0.00000000000000000	0.01995316887538796	0.02690018193402625	0.00000000000000000	0.00000000000000000	0.01943601361825767	0.00358961581166687	0.21379832739564694	0.01011794252843847	0.06225515697596661	0.15565442165847024	0.00000000000000000	0.00000000000000000	0.04801008224452274	0.00000000000000000	0.67404025623065977	0.78179075008846810
Olive_SRR5163460	0.00610161504983263	0.00000000000000000	0.00291195669949439	0.01662232038748902	0.00000000000000000	0.19462476892596561	0.02623011489349751	0.00095726153200141	0.02605535636391681	0.00565265877504529	0.02749031694918773	0.00000000000000000	0.00000000000000000	0.01099763881397031	0.09100386651917691	0.14586128697981540	0.00707588885291073	0.07302474105520181	0.33711196882181943	0.00000000000000000	0.00000000000000000	0.02827823938067508	0.00000000000000000	0.65799156589635721	0.77494905825742999
Olive_SRR5163462	0.00341693947446933	0.00211940729053232	0.01574176601839244	0.02943536444820438	0.00000000000000000	0.31627320025602085	0.04618660570382709	0.00226481339701724	0.00000000000000000	0.05704360178405047	0.00000000000000000	0.00000000000000000	0.00000000000000000	0.03813533240251370	0.00435576682389074	0.22613880659287955	0.00544046151314356	0.08329346523360649	0.14654851621921100	0.00000000000000000	0.00000000000000000	0.02360595284224079	0.00000000000000000	0.66912650575549093	0.78609491422188638
Olive_SRR5163464	0.02113932857702602	0.00000000000000000	0.02910550403886717	0.00000000000000000	0.00000000000000000	0.27463792220486299	0.05857672380109041	0.00000000000000000	0.00000000000000000	0.00000000000000000	0.04535144088592823	0.00000000000000000	0.00714717199045128	0.10989028798105545	0.00000000000000000	0.18221069460736156	0.00741058380244768	0.07936706922237056	0.16674174849229165	0.00000000000000000	0.00000000000000000	0.01842152439624685	0.00000000000000000	0.69019029443635216	0.78068617206322788
Olive_SRR5163466	0.00000000000000000	0.00621728542676297	0.00324202550299961	0.11802530391934442	0.00000000000000000	0.19500634528359395	0.08885011722440159	0.00000000000000000	0.00000000000000000	0.00000000000000000	0.13934240611887372	0.00000000000000000	0.01575596285541773	0.02060469318744472	0.01019890552371924	0.12562710347482126	0.01250261912006020	0.02553799687861409	0.20512360311816930	0.00000000000000000	0.00299189483142691	0.03097373753435027	0.00000000000000000	0.56726750397940784	0.83209469247738543
Olive_SRR5163468	0.00196952658842131	0.00567076315642564	0.00758113501512614	0.00581332239559440	0.00000000000000000	0.22673942354182303	0.05222921026535388	0.00000000000000000	0.00560868283461764	0.01632731019261434	0.00000000000000000	0.00976626912647379	0.07719778477249058	0.00000000000000000	0.00000000000000000	0.12476046855567811	0.00114913909985366	0.17486547348840406	0.28544305362971256	0.00000000000000000	0.00000000000000000	0.00487843733741088	0.00000000000000000	0.67167220468252120	0.77684559368112049
Olive_SRR5163471	0.01051317286074670	0.00000000000000000	0.02322241367696080	0.00994536232032683	0.00000000000000000	0.23845327507687381	0.00641561512237619	0.00224110016234366	0.00000000000000000	0.00000000000000000	0.00000000000000000	0.04762365699950098	0.01246883745372567	0.00000000000000000	0.00000000000000000	0.17057349366135735	0.07243969404637773	0.07886367133782941	0.29172929040283507	0.00000000000000000	0.00727422161914344	0.02823619525960241	0.00000000000000000	0.67512144916064842	0.77774013251432650
Olive_SRR5163472	0.02999394601237096	0.00000000000000000	0.00000000000000000	0.08050695655588123	0.00000000000000000	0.42812834865128596	0.02948769102821488	0.00000000000000000	0.00000000000000000	0.00000000000000000	0.02209046744403715	0.00000000000000000	0.01520070551846074	0.01358076985640785	0.02817672493163811	0.18690762850703010	0.00099379557838439	0.04828905610746297	0.07407493325312381	0.00000000000000000	0.02835630397468984	0.01421267258101180	0.00000000000000000	0.45546039645812875	0.88962563337638101
Olive_SRR5163474	0.00185677390679463	0.00288471581968819	0.00330036757715605	0.01668440820901437	0.00000000000000000	0.33126087180397840	0.05290716618531858	0.00000000000000000	0.00000000000000000	0.00000000000000000	0.02608094942691433	0.00000000000000000	0.00000000000000000	0.01132604675063384	0.02596829943668123	0.12323437828280132	0.00000000000000000	0.09687472941956703	0.28179055785045470	0.00000000000000000	0.00000000000000000	0.02583073533099734	0.00000000000000000	0.71228743647586479	0.75147847664650891
Olive_SRR5163475	0.01436423348503919	0.00000000000000000	0.02942521501654294	0.00000000000000000	0.00000000000000000	0.22899069309586984	0.09023760285752920	0.00000000000000000	0.00000000000000000	0.04208166401956385	0.00000000000000000	0.00000000000000000	0.06885764030187345	0.01745586514049311	0.00000000000000000	0.07146672213862629	0.00804033398038570	0.21733631378379259	0.11500481016180930	0.00000000000000000	0.07530344204044111	0.02143546397803349	0.00000000000000000	0.62683384973458189	0.80986891930833560
Olive_SRR5163478	0.01371664663184582	0.00000000000000000	0.00124936201467055	0.04062992687519875	0.00000000000000000	0.22807128549674691	0.02038703094157841	0.00000000000000000	0.00000000000000000	0.00000000000000000	0.01081590153381126	0.00626039879765132	0.04277513395815005	0.06027670665045921	0.00000000000000000	0.20947333383818453	0.01405719631159971	0.05924858647852944	0.29303849047157404	0.00000000000000000	0.00000000000000000	0.00000000000000000	0.00000000000000000	0.55707126248095440	0.83866957326140623
Olive_SRR5163480	0.01237251249386221	0.00000000000000000	0.00293214129818158	0.00980032980629761	0.00000000000000000	0.26625920743541587	0.02216028983071860	0.00000000000000000	0.00107472069883562	0.01854962512988722	0.00000000000000000	0.04454283674597612	0.05031629646218375	0.00000000000000000	0.00232085962466145	0.16696513069917848	0.01604143304114867	0.03113814984067443	0.34227563684401374	0.00000000000000000	0.00000000000000000	0.01325083004896453	0.00000000000000000	0.63541788289839007	0.79093892980386349
Olive_SRR5163482	0.02106918799046405	0.00000000000000000	0.00325894616370335	0.03110738053044708	0.00000000000000000	0.26412316801173591	0.00617393032798457	0.00000000000000000	0.00000000000000000	0.04823107716031898	0.00000000000000000	0.04111907456399699	0.01226280169640238	0.02728147146107723	0.04507645670064729	0.20808806570677837	0.00102363285166272	0.08579502023957331	0.19914656809478382	0.00000000000000000	0.00000000000000000	0.00624321850042412	0.00000000000000000	0.57416673750208813	0.83127238885355892
Olive_SRR5163484	0.01794675431710019	0.00822996683835927	0.00171933278677003	0.04347116094068337	0.00000000000000000	0.28039808882298045	0.00255674620804765	0.00577746877509189	0.03126323598085645	0.00000000000000000	0.05141426337174080	0.00000000000000000	0.00403934175914565	0.22334639886243504	0.01080360008631342	0.07333434966603451	0.01923340679239458	0.01731305153299360	0.13717075595304140	0.03043291913629178	0.02580293558078553	0.01574622258893457	0.00000000000000000	0.46793340328867039	0.88357237687072154
Olive_SRR5163486	0.00000000000000000	0.00258222706478454	0.00159172015241177	0.00000000000000000	0.00000000000000000	0.30452467632854519	0.00843087213135608	0.00000000000000000	0.00000000000000000	0.00000000000000000	0.00000000000000000	0.04067352520114331	0.04891171406944668	0.00000000000000000	0.00383125414401057	0.25282094387911991	0.01329804877280860	0.08225346356764968	0.23574470690379556	0.00000000000000000	0.00000000000000000	0.00533684778492804	0.00000000000000000	0.58490671925120019	0.82613351898865039
Olive_SRR5163488	0.01092957260037218	0.00322451152098589	0.02510889552936361	0.02564645966292833	0.00000000000000000	0.21847293928628556	0.03133061271031404	0.00000000000000000	0.00000000000000000	0.00000000000000000	0.05269721970766494	0.00000000000000000	0.06063161930772506	0.02915148540232238	0.00000000000000000	0.20652671110614895	0.00178509734779902	0.14644992743083637	0.16161639664201247	0.00000000000000000	0.00137239898788954	0.02505615275735152	0.00000000000000000	0.63508779713220109	0.80801067462753884
Olive_SRR5163490	0.00431027082998550	0.00000000000000000	0.01121641169412631	0.03502665554426002	0.00000000000000000	0.28405207050841963	0.00814609699068169	0.00000000000000000	0.00000000000000000	0.07480746702860884	0.00000000000000000	0.02373119774435900	0.00000000000000000	0.00000000000000000	0.03349528621011735	0.11826046567305455	0.02444488551298251	0.01146086070982962	0.37072692303782445	0.00000000000000000	0.00000000000000000	0.00032140851575063	0.00000000000000000	0.63653570783889002	0.78379156436784125
Olive_SRR5163492	0.00442491352839478	0.00000000000000000	0.02777895402518257	0.01461095520293509	0.00000000000000000	0.22881319060559890	0.02968597630433753	0.00000000000000000	0.00000000000000000	0.03776404396335576	0.00357194474346946	0.00561542517682509	0.01748714681297615	0.00000000000000000	0.12040051640467588	0.18045466899544416	0.00000000000000000	0.11341827951799567	0.16789028451841786	0.00000000000000000	0.01752643112935139	0.03055726907103980	0.00000000000000000	0.66135211336805821	0.78012589310456482
Olive_SRR5163494	0.00000000000000000	0.00395119356523134	0.00014804115083369	0.00293827193884830	0.00000000000000000	0.21130732316738238	0.00000000000000000	0.00000000000000000	0.00000000000000000	0.00000000000000000	0.01263563540279622	0.03203544280567507	0.01395335543021711	0.09492035863533761	0.00000000000000000	0.25462925743247772	0.00000000000000000	0.06908769930710716	0.23102935275744560	0.00000000000000000	0.06917769798785836	0.00418637041878946	0.00000000000000000	0.54055898909787170	0.84727568307945078
Olive_SRR5163496	0.00000000000000000	0.00601644175563446	0.00826621403289323	0.02155962845809114	0.00000000000000000	0.35798269456134196	0.03937794201473999	0.00000000000000000	0.00087627006982234	0.00000000000000000	0.04711691676316183	0.00000000000000000	0.02215447052611944	0.00000000000000000	0.00159250712202256	0.18577870611564948	0.05052912683669296	0.08654632255555576	0.12902626419339408	0.00000000000000000	0.03052445930239004	0.01265203569249072	0.00000000000000000	0.72932431702167677	0.75784969917939116
Olive_SRR5163498	0.00392870792621923	0.00182424996664033	0.00513544556827540	0.00000000000000000	0.00000000000000000	0.19851603253387803	0.02434886900349874	0.00000000000000000	0.01153314864201972	0.07487541811757299	0.01449659620587738	0.00000000000000000	0.00000000000000000	0.07651747028756326	0.01972351174744954	0.28431756754941145	0.00064471559999858	0.04580722619630681	0.16203411290989259	0.00000000000000000	0.00853773199782522	0.06775919574757069	0.00000000000000000	0.75155831860048994	0.73603576240029434
Olive_SRR5163500	0.00617582725242436	0.00000000000000000	0.00817938044301206	0.00061358695740467	0.00000000000000000	0.27849299608482497	0.00000000000000000	0.01195645087282077	0.00324960141470761	0.07121034659541960	0.00000000000000000	0.11120787157996845	0.00938659387540958	0.00967328826717528	0.01492909388274556	0.14378028213070787	0.00995024098358294	0.10525732054851776	0.19275856413724965	0.00000000000000000	0.00000000000000000	0.02317855497402883	0.00000000000000000	0.63863300611626905	0.79067837123859852
Olive_SRR5163502	0.01259874825924224	0.00000000000000000	0.00209503849756099	0.03852135814578438	0.01317861244444242	0.18565858336660818	0.00311765517649857	0.00238149988152677	0.00000000000000000	0.00000000000000000	0.01358401705717884	0.08102055395062741	0.02952643478994587	0.04794319192872843	0.00529681292358327	0.21203874605468007	0.04933997518687118	0.09935528501423788	0.08141414591844755	0.08927761328243852	0.00690520464494759	0.02674652347664982	0.00000000000000000	0.52982272541760311	0.85196103023837455
Olive_SRR5163504	0.02055040217872876	0.00000000000000000	0.01694788908557164	0.06254204633609517	0.00000000000000000	0.43048307157388144	0.02446229127979897	0.00000000000000000	0.00000000000000000	0.00000000000000000	0.02858961497922796	0.00000000000000000	0.01226742740686931	0.00000000000000000	0.00000000000000000	0.09072683125956374	0.03326021120900888	0.14517140039586263	0.12545814997168311	0.00235623080407009	0.00000000000000000	0.00718443351963833	0.00000000000000000	0.54941276441944287	0.84121087251530913
Olive_SRR5163506	0.01906488193332496	0.00000000000000000	0.01782399479981975	0.15546971183239544	0.00000000000000000	0.21254972523989829	0.02453529648751850	0.00000000000000000	0.01854793500866578	0.08770030830441795	0.00000000000000000	0.03924700157138587	0.01106480359745782	0.00000000000000000	0.03826972496909672	0.12116035464760849	0.02659178575862614	0.04438980874734159	0.17032873279205016	0.00000000000000000	0.00000000000000000	0.01325593431039248	0.00000000000000000	0.69180179884479742	0.76124176746057870
Olive_SRR5163508	0.00000000000000000	0.00907382839823730	0.00169361800736243	0.02912139203050826	0.00000000000000000	0.40399287133672368	0.04486266360826581	0.00000000000000000	0.00000000000000000	0.00000000000000000	0.01774573718730189	0.01588477314677805	0.04472103789714355	0.00000000000000000	0.02088491699335333	0.10266910116496433	0.02059247928082038	0.03056187180876625	0.25618446435372605	0.00000000000000000	0.00000000000000000	0.00201124478604879	0.00000000000000000	0.69122988591485712	0.76253163753650521
Olive_SRR5163510	0.04135598141922848	0.00000000000000000	0.00744579461188419	0.03532675836710477	0.00000000000000000	0.32421012850326036	0.01895726874089515	0.00000000000000000	0.00047886386950486	0.01619407849696611	0.00000000000000000	0.00000000000000000	0.01432245370811268	0.00000000000000000	0.01142248966509796	0.22113129449611874	0.03122869022582520	0.09136999614141432	0.17898108346147151	0.00553096878536666	0.00000000000000000	0.00204414950774913	0.00000000000000000	0.74523058393678543	0.74608406744670785
Olive_SRR5163512	0.02101482076400749	0.00000000000000000	0.00246538498153978	0.09342255307730205	0.00000000000000000	0.21545093280329677	0.05682238761126063	0.01019555599002496	0.01303558341991474	0.00000000000000000	0.00238398935961074	0.04938668749344456	0.00000000000000000	0.01569422036615868	0.03736077045101283	0.09926974009115934	0.01038652765662715	0.07754589326540001	0.17053136337654737	0.00000000000000000	0.05379277361825566	0.07124081567443723	0.00000000000000000	0.57242035586157314	0.83405460548436650
Olive_SRR5163514	0.00945460404676524	0.00000000000000000	0.00270181985129524	0.00619015470664630	0.00000000000000000	0.26406181205938223	0.03100389562018039	0.00000000000000000	0.00000000000000000	0.01466116376529075	0.01394458096312061	0.00000000000000000	0.00586223291908679	0.09906801250865492	0.00000000000000000	0.12097571315904290	0.00000000000000000	0.11303003276400091	0.26612794585165150	0.00000000000000000	0.02616160286275075	0.02675642892213152	0.00000000000000000	0.70224901452331767	0.76124916283860655
Olive_SRR5163516	0.01963336892062977	0.00000000000000000	0.00028701002647903	0.06831585304870888	0.00000000000000000	0.20603895790535687	0.01241813534561335	0.00000000000000000	0.00000000000000000	0.00000000000000000	0.03368811259303751	0.00000000000000000	0.03765526940794005	0.08538635421759172	0.00000000000000000	0.17370571304980528	0.05000840943451079	0.04725843372953056	0.25317404114823222	0.00000000000000000	0.00000000000000000	0.01243034117256393	0.00000000000000000	0.68933665358964147	0.77203533597904228
Olive_SRR5163518	0.01669096242846870	0.00000000000000000	0.01419110752833910	0.00044005035390928	0.00000000000000000	0.22461016723727142	0.03683103229255082	0.00000000000000000	0.01523569322268948	0.07354576281642759	0.00000000000000000	0.00000000000000000	0.02355745599707624	0.04343258520353765	0.00645724388825570	0.24910848265665156	0.01491576221485239	0.05642749068823451	0.16266454587500009	0.00000000000000000	0.03093134765149945	0.03096030994523600	0.00000000000000000	0.62804636249926615	0.81102840173695956
Olive_SRR5163520	0.00000000000000000	0.03065156378519864	0.00090705021014512	0.00000000000000000	0.00000000000000000	0.21521908624256544	0.01361348902542521	0.00584670411000311	0.00965495137894374	0.00073901737847963	0.01983687436291259	0.00279150812191415	0.00000000000000000	0.19911280248972157	0.00000000000000000	0.17416099558100176	0.00809092724228769	0.10810543774901978	0.20133228025454475	0.00000000000000000	0.00347776303104511	0.00645954903679174	0.00000000000000000	0.65429275033436229	0.78531076660178956
Olive_SRR5163522	0.02640324051478082	0.00000000000000000	0.00580009483802336	0.11893612218959709	0.00000000000000000	0.29459912402343497	0.01603120208771911	0.00601473424346951	0.00000000000000000	0.05144431529742113	0.00000000000000000	0.00135116517475899	0.00233763853841454	0.01522286094383496	0.06941063567102844	0.17764222395440954	0.01509781715978320	0.00657771983349811	0.19007874645100595	0.00000000000000000	0.00000000000000000	0.00305235907882035	0.00000000000000000	0.59101837547379033	0.81998275057806957
Olive_SRR5163524	0.00000000000000000	0.00000000000000000	0.02496402203387964	0.05750461250635304	0.00000000000000000	0.27262377689624234	0.06713390342516590	0.00000000000000000	0.00000000000000000	0.00000000000000000	0.01475594588172049	0.00000000000000000	0.02335229616855095	0.00000000000000000	0.00000000000000000	0.17422861498319928	0.08356055680977525	0.13714068198577781	0.14091295535495546	0.00000000000000000	0.00000000000000000	0.00382263395437987	0.00000000000000000	0.66091215164190098	0.79592953297987468
Olive_SRR5163526	0.02696450937484252	0.00000000000000000	0.01260266591552374	0.02388968049496300	0.00000000000000000	0.21533796539360148	0.01266330832117721	0.00000000000000000	0.00000000000000000	0.00000000000000000	0.02718554144690623	0.00922808075908892	0.03768852949385605	0.00826700109495648	0.00000000000000000	0.26172455022428548	0.08935841309549412	0.08069062469915803	0.18748554537766360	0.00000000000000000	0.00190980642132450	0.00500377788715860	0.00000000000000000	0.56925697818834908	0.83905697609877872
Olive_SRR5163528	0.02683282864123412	0.00000000000000000	0.00000000000000000	0.00606755340348851	0.00000000000000000	0.24258953164084759	0.01551984159665467	0.00000000000000000	0.00460705228802990	0.02720348558640915	0.00384551687414344	0.00171329220509013	0.03088616982848515	0.00000000000000000	0.00000000000000000	0.21676072423743031	0.00000000000000000	0.09771618153881846	0.31870228817756768	0.00000000000000000	0.00000000000000000	0.00755553398180088	0.00000000000000000	0.79403331785239883	0.69911886087660002
Olive_SRR5163530	0.00405200086822426	0.00000000000000000	0.00595065547588308	0.03498718610115732	0.00000000000000000	0.34376672591931701	0.01550648769872457	0.00000000000000000	0.00114371349553312	0.04186434052690226	0.00025028572608794	0.00000000000000000	0.01555377636667810	0.00089720727635590	0.03744053164486444	0.14347375022898265	0.01009022174826285	0.01484913996815238	0.32073594078071510	0.00067972638074047	0.00000000000000000	0.00875830979341844	0.00000000000000000	0.71072433887446029	0.74391042896274973
Olive_SRR5163532	0.00000000000000000	0.00160960657348015	0.01442730151765148	0.02117466096281382	0.02163869973980469	0.34968701867188196	0.03091958518844874	0.00000000000000000	0.00000000000000000	0.00000000000000000	0.02178971915386826	0.00000000000000000	0.00989252996114468	0.06481316529302013	0.00466648828395723	0.16782704183985911	0.03280432070723906	0.05886973398618402	0.17604954478973403	0.00000000000000000	0.00000000000000000	0.02383058333091263	0.00000000000000000	0.74883605457030744	0.74295641355055908
Olive_SRR5163534	0.00000000000000000	0.02296860298817969	0.00135140690302740	0.07576386176677724	0.00000000000000000	0.30292625422432545	0.02209749048779901	0.00000000000000000	0.00109512876448124	0.00229362294231395	0.00387556481290603	0.00000000000000000	0.01006706868127902	0.00000000000000000	0.00234503982357031	0.20949007974278427	0.00000000000000000	0.11381294109083109	0.22699390885379020	0.00000000000000000	0.00157999255387885	0.00333903636405633	0.00000000000000000	0.74873767271100522	0.73566173555160363
Olive_SRR5163536	0.02540279697288085	0.00000000000000000	0.00239811134455232	0.00000000000000000	0.00000000000000000	0.33011066242660808	0.05693622943470704	0.00000000000000000	0.01409823448105242	0.00599450018764759	0.04885230063476845	0.00000000000000000	0.00000000000000000	0.01212026915445373	0.00062994447141921	0.16457832460148783	0.00000000000000000	0.09107042863992025	0.07524159355319247	0.00237501111643233	0.00969485020882909	0.16049674277204828	0.00000000000000000	0.74612240336099522	0.73586681758375161
Olive_SRR5163538	0.04614205992535495	0.00000000000000000	0.00239330296106992	0.00869878928595589	0.07008360071659672	0.20890743220035271	0.06378227937750558	0.00000000000000000	0.00000000000000000	0.05366771803100658	0.00000000000000000	0.02305963433551684	0.00000000000000000	0.00000000000000000	0.05344827698312442	0.15816570136242109	0.01312304930098697	0.09343275830125011	0.13633114987874778	0.02302340493850195	0.00000000000000000	0.04574084240160847	0.00000000000000000	0.69709817200537394	0.77119684609392680
Olive_SRR5163540	0.00565792790579795	0.00000000000000000	0.00710078198077392	0.08320838831473566	0.00000000000000000	0.32911782244144855	0.07078442707293263	0.00000000000000000	0.00000000000000000	0.03325839838193396	0.00000000000000000	0.00000000000000000	0.00000000000000000	0.01003150574355936	0.00262726581732999	0.21247853676216572	0.03136940067021315	0.01558546665883622	0.19599919819234890	0.00000000000000000	0.00000000000000000	0.00278088005792405	0.00000000000000000	0.67828476641222935	0.77559607453607970
Olive_SRR5163542	0.00525477010148128	0.00000000000000000	0.00272786727642463	0.00156885987631544	0.00000000000000000	0.23027554113867990	0.00317294101024028	0.00000000000000000	0.00000000000000000	0.02363447890073483	0.00000000000000000	0.01294826129564474	0.00000000000000000	0.00000000000000000	0.03160626553424968	0.28890172054160418	0.09238460668243831	0.01552911836314301	0.25459581356421956	0.00000000000000000	0.03469226701517748	0.00270748869964667	0.00000000000000000	0.72534192458631697	0.74817747959704584
Olive_SRR5163550	0.00000000000000000	0.01543200990063055	0.00495529849981077	0.00000000000000000	0.00000000000000000	0.30815201710543610	0.02428482901865433	0.00000000000000000	0.00000000000000000	0.00000000000000000	0.03688441029927175	0.00548614184924823	0.08137647680240043	0.05647113215913746	0.00270353583787105	0.14175181145886442	0.03617306583784120	0.04266313820131190	0.22672940628269062	0.00000000000000000	0.01034750583864394	0.00658922090818725	0.00000000000000000	0.61282054820016574	0.81650788415443054
Olive_SRR5163552	0.01195375991807737	0.00000000000000000	0.01121659496859143	0.00000000000000000	0.00000000000000000	0.13616419921291292	0.02158407457822178	0.00980014671486105	0.04370132668638601	0.00205129398623116	0.00000000000000000	0.03037278132139393	0.21030775483855413	0.00000000000000000	0.00000000000000000	0.15111904305574667	0.02213711988916683	0.11290286250865013	0.22371045885886667	0.00000000000000000	0.01297858346233992	0.00000000000000000	0.00000000000000000	0.67541982592409444	0.78279230211147044
Olive_SRR5163554	0.00806232835668009	0.00000000000000000	0.01059684094617784	0.03970448779687232	0.00000000000000000	0.38439554190327346	0.02130373198265395	0.00000000000000000	0.00000000000000000	0.00000000000000000	0.02098444371092594	0.00000000000000000	0.03760601207423125	0.00000000000000000	0.00981913541539082	0.15526712410523599	0.07573717330369908	0.07168584416424148	0.14984126780388732	0.00000000000000000	0.00000000000000000	0.01499606843673060	0.00000000000000000	0.69412827273478173	0.77361633549784514
Olive_SRR5163556	0.02017860794346991	0.00000000000000000	0.00347295938403785	0.00721671142906627	0.00000000000000000	0.28591862134165408	0.01331726559564695	0.00000000000000000	0.00000000000000000	0.00000000000000000	0.05632585882902239	0.00000000000000000	0.01930389066948416	0.09588178258352012	0.00285059660321564	0.18252513961306624	0.01427787836579251	0.06265618138710222	0.22493830643130899	0.00000000000000000	0.00000000000000000	0.01113619982361271	0.00000000000000000	0.75068489944551808	0.73911473790201310
Olive_SRR5163558	0.02071538036484514	0.00000000000000000	0.01276820634144160	0.00000000000000000	0.00000000000000000	0.28927131213926227	0.00996363672352751	0.03049582228548737	0.00112675631888455	0.00000000000000000	0.00000000000000000	0.04130623604558736	0.02210175636798390	0.06363323463366898	0.00000000000000000	0.10582167017874797	0.06666295360571362	0.12047148490272160	0.07301792441883020	0.06709091213367256	0.05882227517084038	0.01673043836878498	0.00000000000000000	0.67194911766388032	0.78524506936961069
Olive_SRR5163560	0.03440958508075462	0.00000000000000000	0.00000000000000000	0.00000000000000000	0.00000000000000000	0.29742995772328540	0.03633952860904862	0.00449801294631338	0.00381001776996412	0.03698539517588362	0.04484892461723770	0.00000000000000000	0.00879163750690922	0.11705127527928832	0.03081964667199050	0.13227982906083155	0.01912828659943155	0.04381108876614399	0.14038353487452590	0.01628036067422590	0.01601768526736491	0.01711523337680046	0.00000000000000000	0.48853511252671944	0.87549406389369466
Olive_SRR7963375	0.03344806336782701	0.00000000000000000	0.00511886289356025	0.05431728585692041	0.00000000000000000	0.26878597581372687	0.08442768271494468	0.00000000000000000	0.00000000000000000	0.00000000000000000	0.05599556997658866	0.00000000000000000	0.01687715407737075	0.02962849147812780	0.03111407410490423	0.18508818862279852	0.00582229890342954	0.00000000000000000	0.22159251308582176	0.00000000000000000	0.00000000000000000	0.00778383910397959	0.00000000000000000	0.65661048724133764	0.79209411098651683
Olive_SRR7963376	0.00333703691462271	0.00000000000000000	0.00588272913339138	0.01042683182517877	0.00000000000000000	0.34176024335064886	0.01930665225031273	0.00000000000000000	0.00000000000000000	0.00000000000000000	0.01439137698661087	0.00000000000000000	0.12238416543536142	0.02141123398665859	0.01324301183194759	0.17376516879544074	0.02554800430851278	0.07428269844835574	0.14374761965021984	0.00000000000000000	0.02574632198774674	0.00476690509499139	0.00000000000000000	0.57207708141296643	0.83781102837198873
Olive_SRR7963377	0.04359151498613163	0.00000000000000000	0.00603477263374606	0.00920309243903277	0.00000000000000000	0.25785887090523135	0.07021961482494098	0.00740273234649012	0.00000000000000000	0.00000000000000000	0.02652456309779855	0.00637652769594633	0.00999405507255517	0.00307666991075353	0.00000000000000000	0.14754511866834255	0.00959440558937557	0.09524363793662775	0.29822048301747789	0.00000000000000000	0.00000000000000000	0.00911394087554968	0.00000000000000000	0.66926235299692216	0.78060541174329157
Olive_SRR7963378	0.00000000000000000	0.00000000000000000	0.00395769878093554	0.01595906634807941	0.00000000000000000	0.18341708686965147	0.01643297780146643	0.00054628748447982	0.00000000000000000	0.06338757586398108	0.00000000000000000	0.01562722715149516	0.17974024474557004	0.00000000000000000	0.00000000000000000	0.15458406975327954	0.00264046217477313	0.16050026348793567	0.19174574815269194	0.00000000000000000	0.00000000000000000	0.01146129138566077	0.00000000000000000	0.74762580267094558	0.73956529927380266
Olive_SRR7963379	0.00523246470813191	0.00000000000000000	0.03162327049416089	0.04592892248996193	0.00000000000000000	0.32626579704033420	0.05401554809116509	0.00000000000000000	0.00000000000000000	0.00000000000000000	0.02616982811184022	0.00000000000000000	0.03635602116397258	0.00170726242890418	0.03507883817196332	0.15504789166547028	0.04312402784810690	0.01408172688455265	0.21753688410130373	0.00000000000000000	0.00128102605647072	0.00655049074366141	0.00000000000000000	0.69555734966318572	0.77411430194805819
Olive_SRR7963380	0.01262098644395496	0.00000000000000000	0.00561159972528934	0.04083540659825105	0.00000000000000000	0.29152633067280603	0.05999683157777864	0.00000000000000000	0.00218121497947668	0.02988753208822646	0.00268337788951716	0.00000000000000000	0.00855927287393264	0.06572188684249627	0.02136222693598927	0.14510803976303488	0.00000000000000000	0.13092009354677994	0.17845572010508740	0.00000000000000000	0.00000000000000000	0.00452947995737940	0.00000000000000000	0.70962393856208184	0.76229590692366878
Olive_SRR7963381	0.01686273063867086	0.00000000000000000	0.02832197362436818	0.04003337378664608	0.00000000000000000	0.31562112470622122	0.03598761474365121	0.00000000000000000	0.00781772675673514	0.00789138164673236	0.00000000000000000	0.00438776244375354	0.04205328675362330	0.00000000000000000	0.00000000000000000	0.25889824574056930	0.02509620929197336	0.04706510543302288	0.13694827297979034	0.00000000000000000	0.01318465691426571	0.01983053453997658	0.00000000000000000	0.62304673211491757	0.81373184664442710
Olive_SRR7963382	0.00000000000000000	0.00128308824279260	0.00082761821313230	0.08625316265951190	0.00000000000000000	0.34270916206034041	0.01482493803577627	0.01763625029819481	0.00000000000000000	0.03715074153314747	0.00000000000000000	0.00000000000000000	0.10227956898439830	0.00000000000000000	0.01154650564881595	0.12234565758634654	0.00076448201128635	0.04038213364940023	0.22199669107685691	0.00000000000000000	0.00000000000000000	0.00000000000000000	0.00000000000000000	0.78901448538493135	0.70477160884946610
Olive_SRR7963383	0.00575553486095788	0.00000000000000000	0.00133622883718676	0.03714583497980317	0.00000000000000000	0.27338443404308344	0.02923706851600315	0.00000000000000000	0.00000000000000000	0.00000000000000000	0.03366790790575631	0.00000000000000000	0.05281322060171403	0.00000000000000000	0.00000000000000000	0.19698500836630051	0.02418583004322822	0.17879941657548881	0.15945937115063052	0.00000000000000000	0.00438644142291213	0.00284370269693520	0.00000000000000000	0.64000514948962794	0.80011808330512035
Olive_SRR7963384	0.00311462019279589	0.00000000000000000	0.02460598666847132	0.01655390402450078	0.00000000000000000	0.30019148162437298	0.05891065173736858	0.00000000000000000	0.00000000000000000	0.00000000000000000	0.03955027795513153	0.00000000000000000	0.03161080799308327	0.00000000000000000	0.00000000000000000	0.21468417991100211	0.02068161509569522	0.11340577411338278	0.11261113259556446	0.00000000000000000	0.03251698839591032	0.03156257969272087	0.00000000000000000	0.67502038857588720	0.79061577481500722
Olive_SRR7963385	0.00513632071373395	0.00000000000000000	0.00079743628762212	0.03270815954818353	0.00000000000000000	0.30327817026137499	0.00556221094817786	0.00000000000000000	0.00000000000000000	0.00000000000000000	0.00240842384173008	0.02287454124852585	0.02689843557398498	0.00450256829576816	0.00367377098146810	0.20622650482420488	0.01420954958445861	0.03173302440553469	0.22691207920901674	0.00000000000000000	0.09721029687142535	0.01586850740479003	0.00000000000000000	0.64356627638623864	0.79613273076993929
Olive_SRR7963386	0.00935413353008737	0.00000000000000000	0.00132906985744660	0.10341757881015330	0.00000000000000000	0.42173933173130584	0.01089135258291056	0.00000000000000000	0.00000000000000000	0.02909250246499914	0.00000000000000000	0.00089855635051902	0.06467109989119910	0.00000000000000000	0.00271879632360065	0.09683781144370962	0.00238145707810350	0.02456679309250677	0.20018308728660950	0.03075771650672317	0.00000000000000000	0.00116071305012578	0.00000000000000000	0.70263652429052526	0.74633663231382108
Olive_SRR7963387	0.01169322033175691	0.00000000000000000	0.02068228171641141	0.10876448792023252	0.00000000000000000	0.32500490338741200	0.10129394793886333	0.00000000000000000	0.00000000000000000	0.02854162501802502	0.08020456828083769	0.00000000000000000	0.00714089024373420	0.00000000000000000	0.08078405419934388	0.06965968767020833	0.01156957873042970	0.03448076044849852	0.12017999411424633	0.00000000000000000	0.00000000000000000	0.00000000000000000	0.00000000000000000	0.70758766087325120	0.74546440983508855
Olive_SRR7963388	0.00443649358910499	0.00000000000000000	0.00467783271785413	0.09376578092399707	0.00000000000000000	0.29796158634318598	0.08576146392177361	0.00555120424415350	0.00000000000000000	0.01630065152633796	0.02615713891037160	0.00000000000000000	0.01743347452856981	0.02060607359190898	0.03401563587039420	0.14424564427170813	0.02976048712453891	0.05831433270363665	0.12060643662444694	0.00855143809563422	0.01479894918819012	0.01705537582419310	0.00000000000000000	0.61813228564536704	0.81191000816855052
Olive_SRR7963389	0.00361387860439179	0.00000000000000000	0.01204759922641756	0.04932199053485743	0.00000000000000000	0.33225082970251135	0.01163601041532338	0.00000000000000000	0.00000000000000000	0.01104588579904693	0.00000000000000000	0.00000000000000000	0.01523509112821893	0.00423653581124552	0.00000000000000000	0.19058614599344448	0.01976439848714558	0.14100954639007893	0.19452898200519439	0.00000000000000000	0.00502750105391173	0.00969560484821213	0.00000000000000000	0.75727875698514424	0.73292881750292260
Olive_SRR7963390	0.00392112399611588	0.00000000000000000	0.00000000000000000	0.00000000000000000	0.00000000000000000	0.22008620738790813	0.00812683679878305	0.00682677937987291	0.00000000000000000	0.06548325296776158	0.00000000000000000	0.00000000000000000	0.03973333277012357	0.00000000000000000	0.00000000000000000	0.26903776237066951	0.05185146056691177	0.15116700862519136	0.13266811567758277	0.05109811945907948	0.00000000000000000	0.00000000000000000	0.00000000000000000	0.61836480762608570	0.80804668291953063
Olive_SRR7963391	0.00000000000000000	0.00976814760646932	0.02614533646661039	0.03624686094037386	0.00000000000000000	0.30179832146939367	0.01841768498405703	0.00000000000000000	0.00000000000000000	0.00000000000000000	0.04372363503387382	0.00000000000000000	0.03567527538461632	0.00000000000000000	0.00313837183884943	0.13131830451413767	0.00000000000000000	0.10324941255718888	0.28549829085417933	0.00000000000000000	0.00000000000000000	0.00502035835025039	0.00000000000000000	0.77528999550124900	0.71678329308474753
Olive_SRR7963392	0.00468655103097490	0.00000000000000000	0.00956299424220837	0.11400848069002949	0.00000000000000000	0.30837777789188592	0.03337707947598532	0.00000000000000000	0.00000000000000000	0.10584875295649351	0.00000000000000000	0.00000000000000000	0.00000000000000000	0.00000000000000000	0.03437055821905758	0.17167818803838999	0.00409951490171557	0.04784605907949180	0.12002950535447562	0.00000000000000000	0.00760984176712266	0.03850469635216905	0.00000000000000000	0.70104317992138854	0.75612752749816847
Olive_SRR7963393	0.00742522685577567	0.00202333756870352	0.00679993814995221	0.04970320719124374	0.00000000000000000	0.38444364221616306	0.03844718410919194	0.00000000000000000	0.00497706707829971	0.00000000000000000	0.06873768113488325	0.00000000000000000	0.00454175580490783	0.20999513826294783	0.00000000000000000	0.10412573723950033	0.00000000000000000	0.04126413413291887	0.03076476087104141	0.02740163570188637	0.00764489388809399	0.01170465979449007	0.00000000000000000	0.75029237273422633	0.71905668258817423
Olive_SRR7963394	0.01606684177334345	0.00000000000000000	0.01263849365771899	0.05653071483739161	0.00000000000000000	0.33577406662919063	0.06986765719373697	0.00000000000000000	0.00618848694035698	0.00000000000000000	0.05576941452125709	0.00000000000000000	0.03688074664256315	0.00460926962036792	0.00000000000000000	0.14211537894686452	0.00515071807751563	0.11219108007401896	0.13672784513571920	0.00000000000000000	0.00000000000000000	0.00948928594995489	0.00000000000000000	0.68433943177127499	0.77709306083800955
Olive_SRR7963395	0.00333853435483206	0.00000000000000000	0.01366389018352053	0.00412209779227390	0.00133418509524169	0.13310390953016007	0.01487460564717356	0.00000000000000000	0.00762186585849373	0.01236303076979551	0.00796827559103910	0.00000000000000000	0.14898212744131606	0.00000000000000000	0.00963937433320873	0.24310016985122060	0.01129553798008909	0.02281061084836032	0.36481189854018575	0.00000000000000000	0.00096988618308934	0.00000000000000000	0.00000000000000000	0.71296691850451588	0.73818022795299476
Olive_SRR7963396	0.00000000000000000	0.02573496666975216	0.00117015688562244	0.02595851136860028	0.00000000000000000	0.34845819563308228	0.02961353297849099	0.00000000000000000	0.01305838713203878	0.00000000000000000	0.04874860666321081	0.00000000000000000	0.01248853311739514	0.00000000000000000	0.01310891709264876	0.16500396903829309	0.00126144581522400	0.10655708699284130	0.18514270062025318	0.00957982136176475	0.00000000000000000	0.01411516863078199	0.00000000000000000	0.58996214618274834	0.82409485773735325
Olive_SRR7963397	0.01820177211775642	0.00000000000000000	0.01635281683541474	0.14149846714010697	0.00000000000000000	0.16463500028741759	0.15836229298082130	0.00000000000000000	0.00000000000000000	0.01489260002180045	0.03808751069185591	0.00000000000000000	0.00000000000000000	0.03371438017640144	0.04744395971937692	0.20831242202970343	0.00495801022437173	0.00000000000000000	0.13928311035128121	0.00000000000000000	0.00726298663064865	0.00699467079304325	0.00000000000000000	0.67734080225488624	0.78420003282670481
Olive_SRR7963398	0.00368210846059582	0.00000000000000000	0.00410332870747673	0.00676867200209127	0.00000000000000000	0.32308952687705139	0.03001750682142628	0.00000000000000000	0.01170644650752080	0.03789528461506177	0.00000000000000000	0.00000000000000000	0.01383015989123849	0.00000000000000000	0.00000000000000000	0.19101315749682199	0.00965070353473763	0.15551415271803787	0.20643221654778093	0.00000000000000000	0.00000000000000000	0.00629673582015901	0.00000000000000000	0.76192674340354227	0.72913118538297883
Olive_SRR7963399	0.04372320020302530	0.00000000000000000	0.01091817515106037	0.02055886542425412	0.00000000000000000	0.32580567102604480	0.06080533384506076	0.00000000000000000	0.00000000000000000	0.00000000000000000	0.03865234274890676	0.00000000000000000	0.00000000000000000	0.06135473252414551	0.04458567136867182	0.12039632648778652	0.00889182372123053	0.01564220139699217	0.23892583531262343	0.00000000000000000	0.00000000000000000	0.00973982079019771	0.00000000000000000	0.61443734072275236	0.81238042124890952
Olive_SRR7963400	0.00483978465780031	0.00000000000000000	0.00829810105249405	0.11205481023114897	0.00000000000000000	0.30815204568636428	0.00818541778331173	0.00000000000000000	0.00000000000000000	0.00000000000000000	0.00000000000000000	0.02040954242153864	0.01816857011643055	0.02769933861596671	0.00921887425706468	0.14749681712615159	0.00759051912583553	0.07336589912468040	0.24393449825211524	0.00000000000000000	0.00000000000000000	0.01058578154909720	0.00000000000000000	0.70114994872129799	0.75865566864604084
Olive_SRR7963401	0.00496748071011712	0.00000000000000000	0.01254466981469881	0.03875397815916728	0.00000000000000000	0.20842246101262343	0.02127874275343317	0.00070549202204495	0.00087194393422450	0.00000000000000000	0.00647589437885578	0.00000000000000000	0.06757840010480794	0.00000000000000000	0.00000000000000000	0.24209590076589946	0.00324935421752170	0.13899928613799653	0.23390513400950133	0.00000000000000000	0.00752049599782329	0.01263076598128455	0.00000000000000000	0.71362062262540915	0.75966039739859081
Olive_SRR7963402	0.01629493606396618	0.00000000000000000	0.01144294009928134	0.01617533177462537	0.00000000000000000	0.18018968453629158	0.04800102628478081	0.04162458525225630	0.00616717718852156	0.04178870977986684	0.00000000000000000	0.00000000000000000	0.00917223771844207	0.00000000000000000	0.00118486530935772	0.20234754910761665	0.01528251088052873	0.07568170903203682	0.26962155067828791	0.00000000000000000	0.01422896837811432	0.05079621791602577	0.00000000000000000	0.68427735453698757	0.77667978341943866
Olive_SRR7963403	0.00000000000000000	0.00000000000000000	0.00692452315480925	0.01991019014053650	0.00000000000000000	0.43402682131112413	0.03382601701509757	0.00000000000000000	0.00000000000000000	0.00130326247868473	0.01747587416090327	0.00000000000000000	0.08306416478327665	0.00000000000000000	0.03429320347043382	0.15609281043508508	0.01313661622300333	0.01667212926601475	0.17142861084222147	0.00701446219790364	0.00000000000000000	0.00483131452090583	0.00000000000000000	0.67761831548852525	0.77634010757355054
Olive_SRR7963404	0.03178333565940498	0.00000000000000000	0.01008983344488439	0.00000000000000000	0.00000000000000000	0.42100893270292616	0.00000000000000000	0.00000000000000000	0.00000000000000000	0.09221619091307946	0.00000000000000000	0.03418828275961980	0.03248892343602162	0.00000000000000000	0.02956781741720611	0.13863516232770198	0.05784381618518155	0.01586790748128939	0.13233001706070976	0.00397978061197487	0.00000000000000000	0.00000000000000000	0.00000000000000000	0.71551620080680056	0.75064689099982296
Olive_SRR7963405	0.01002872637218075	0.00000000000000000	0.00469171722712660	0.10356575789620025	0.00000000000000000	0.33765462711392974	0.01815386968009509	0.00000000000000000	0.00000000000000000	0.00614835421818275	0.00000000000000000	0.00000000000000000	0.04411454634631074	0.00000000000000000	0.00000000000000000	0.15387877396777330	0.01826108524090037	0.06946683071014988	0.20822410476790937	0.00000000000000000	0.02491656978592346	0.00089503667331769	0.00000000000000000	0.65392849015651122	0.78885921024690664
Olive_SRR7963406	0.01438188538267788	0.00000000000000000	0.00202930029463890	0.08038840591377655	0.00000000000000000	0.32136140166113958	0.02247335699449943	0.00000000000000000	0.00000000000000000	0.00000000000000000	0.04117271838006423	0.00000000000000000	0.01515439171848386	0.00000000000000000	0.02995025024696144	0.13253290622645039	0.00826333232094870	0.05441166727716622	0.26676345313990324	0.00000000000000000	0.00000000000000000	0.01111693044328937	0.00000000000000000	0.76098346674433381	0.72050500941552376
Olive_SRR7963407	0.00000000000000000	0.00788845824984902	0.00915560983851305	0.00000000000000000	0.00000000000000000	0.31226623523623093	0.03978995876917159	0.00000000000000000	0.00000000000000000	0.00000000000000000	0.01385398999488126	0.00000000000000000	0.03550681241237376	0.00000000000000000	0.00000000000000000	0.13187646186577329	0.00000000000000000	0.16130461115898251	0.27095441984809587	0.00000000000000000	0.00631962233930324	0.01108382028682550	0.00000000000000000	0.74642780810041265	0.73401283318670030
Olive_SRR7963408	0.00236366832657399	0.00000000000000000	0.00389010031878169	0.01390553983543608	0.00000000000000000	0.35667756018080815	0.03119814538383548	0.00000000000000000	0.00000000000000000	0.02523755260548188	0.00000000000000000	0.00260113995132843	0.10332009813024585	0.00000000000000000	0.00491669427118737	0.22362412219617767	0.00181746284172737	0.09025075005239719	0.13619164474572326	0.00000000000000000	0.00400552116029569	0.00000000000000000	0.00000000000000000	0.80128588997069272	0.71402016751218678
Olive_SRR7963409	0.00349182496152066	0.00000000000000000	0.02039546845854823	0.01920286237025190	0.00000000000000000	0.28655380645521306	0.00776384128693978	0.00029315970721449	0.00000000000000000	0.02631631756730497	0.00000000000000000	0.01045234184353374	0.01400999300841105	0.03493776931411244	0.00000000000000000	0.13060547815847925	0.04280286947612609	0.11245795382531448	0.26017260848970775	0.00000000000000000	0.01869144673166562	0.01185225834565640	0.00000000000000000	0.73781231076510945	0.74448926759358314
Olive_SRR7963410	0.00000000000000000	0.00000000000000000	0.00000000000000000	0.02492255957107034	0.00000000000000000	0.31693675068976118	0.03430530537462116	0.00000000000000000	0.00164785733803502	0.04473810383461647	0.00000000000000000	0.00000000000000000	0.02987989456344682	0.00000000000000000	0.02268994953422237	0.15102776398570136	0.07249802008517160	0.05504288575239246	0.23496897047652759	0.00000000000000000	0.00000000000000000	0.01134193879443389	0.00000000000000000	0.80178576839222282	0.70969685373706859
Olive_SRR7963411	0.00499870547037962	0.00000000000000000	0.02131225404837713	0.03728742730571045	0.00000000000000000	0.29135055038027824	0.04489972041594787	0.00000000000000000	0.00000000000000000	0.05241860420352791	0.00000000000000000	0.00000000000000000	0.00101136295299857	0.02373457211363314	0.04900839415879705	0.16921915109226993	0.03278527949427883	0.02757228773010810	0.20747370713157712	0.00000000000000000	0.00639562479771592	0.03053235870440011	0.00000000000000000	0.68592333675212902	0.77783334951491256
Olive_SRR7963412	0.00000000000000000	0.01530481867957083	0.03055518348704332	0.00705524792160497	0.00000000000000000	0.22049454976669411	0.00757892884023191	0.00000000000000000	0.00000000000000000	0.00000000000000000	0.01018698239340548	0.02388443043899533	0.00132969892943123	0.25758826224062509	0.00000000000000000	0.19494873932292717	0.00037381616721844	0.03395076742596951	0.16958322542339832	0.00000000000000000	0.00000000000000000	0.02716534896288430	0.00000000000000000	0.68184462102740806	0.76393220435558684
Olive_SRR7963413	0.02428209064894939	0.00000000000000000	0.00320447023075431	0.00277208779541081	0.00000000000000000	0.43533566306716254	0.01697485150678838	0.00000000000000000	0.00000000000000000	0.01706477507889108	0.00000000000000000	0.02864139366059784	0.00000000000000000	0.03140800713939268	0.00970318138330338	0.15163093833516059	0.00065684792991216	0.09320241062191355	0.07801617704158031	0.03543352219038304	0.04604921174854728	0.02562437162125258	0.00000000000000000	0.69857384441298143	0.76237285073755012
Olive_SRR7963414	0.01610416419424966	0.00000000000000000	0.02951976745103962	0.10107275282832964	0.00000000000000000	0.25122759331981487	0.06515967678530631	0.00382050183895191	0.00000000000000000	0.05393142747068945	0.00000000000000000	0.00515586295948769	0.05420434421038584	0.00000000000000000	0.00173263829036863	0.12473916662388214	0.01101404344849161	0.10561507678175909	0.14812938137339124	0.00000000000000000	0.02144892706632952	0.00712467535752265	0.00000000000000000	0.69969806832036430	0.77300489982314124
Olive_SRR7963415	0.04303429334247037	0.00000000000000000	0.00601894383543019	0.04243241896060514	0.00000000000000000	0.25618858265214217	0.07492947828385323	0.00000000000000000	0.00857972173350267	0.08519707123968299	0.00000000000000000	0.00126810359583841	0.02889416048797720	0.00000000000000000	0.00000000000000000	0.22459120091098758	0.00000000000000000	0.08242608132893872	0.08263952394628105	0.00864611604983229	0.00903651402717469	0.04611778960528326	0.00000000000000000	0.73011308218586524	0.75687180539330190
Olive_SRR7963416	0.01796850845786103	0.00000000000000000	0.00282880735902812	0.00000000000000000	0.00140879211137075	0.31804925449306642	0.01754762792742661	0.00000000000000000	0.00000000000000000	0.07795780908281215	0.00000000000000000	0.00000000000000000	0.07988302451126206	0.00000000000000000	0.00000000000000000	0.16933705761282167	0.03211172547693051	0.10473126833208858	0.17758571655456459	0.00000000000000000	0.00000000000000000	0.00059040808076748	0.00000000000000000	0.73606712541981134	0.75161257382984747
Olive_SRR7963417	0.00000000000000000	0.00386493346779839	0.00389093445137959	0.05308251427523184	0.00000000000000000	0.24176481118264212	0.04239754898227622	0.00000000000000000	0.01409353523920077	0.00000000000000000	0.00105171717054587	0.00168716435330366	0.08563074783877038	0.00000000000000000	0.01034147648824944	0.23166031355126518	0.00680296415325220	0.04163772836204716	0.25498498327627162	0.00000000000000000	0.00365497801587660	0.00345364919188884	0.00000000000000000	0.79125740203731842	0.71501723855770716
Olive_SRR7963418	0.00004078219835777	0.00403058560449959	0.00597506642472682	0.05467280633177697	0.00000000000000000	0.41120173770026214	0.02845969625645029	0.00863607029898926	0.00000000000000000	0.01227964256748774	0.00000000000000000	0.00000000000000000	0.00461329591452769	0.00937700312098853	0.00000000000000000	0.14215656227223269	0.00000000000000000	0.12304974517619717	0.18861205912049642	0.00000000000000000	0.00000000000000000	0.00689494701300692	0.00000000000000000	0.71977391049532125	0.74571767425395519
Olive_SRR7963419	0.01334645506151877	0.00000000000000000	0.00492531621987818	0.03064319840183666	0.00000000000000000	0.34360339920324351	0.01927710701963201	0.00000000000000000	0.00000000000000000	0.00000000000000000	0.00000000000000000	0.01658009113809919	0.01446285281102315	0.05470392029834983	0.00000000000000000	0.25975865909330748	0.00000000000000000	0.06767539380985212	0.16141017787119205	0.00000000000000000	0.00000000000000000	0.01361342907206705	0.00000000000000000	0.73949694080219563	0.74415930049342505
Olive_SRR7963420	0.02081072414100229	0.00000000000000000	0.00303590003941819	0.07381792449380412	0.00000000000000000	0.19715305379887693	0.01279723820740645	0.02130474198809053	0.00065917934151210	0.00000000000000000	0.00000000000000000	0.04651347183581570	0.03141564751076009	0.00000000000000000	0.00462915247600107	0.15282424906858075	0.02836852649785528	0.03373837972813339	0.34887595109967656	0.00000000000000000	0.00000000000000000	0.02405585977306661	0.00000000000000000	0.67450757522944849	0.76725577012827628
Olive_SRR7963421	0.00253215815379065	0.01750122680863208	0.01652854077162035	0.00000000000000000	0.00602129663752190	0.31615470892629910	0.00159175752357621	0.00000000000000000	0.00000000000000000	0.00000000000000000	0.00063103997508078	0.02080116170071888	0.00533046816930517	0.01493996188922068	0.01030022643966952	0.20910005600726433	0.04858373805295937	0.08556349060999781	0.18648880696839631	0.00000000000000000	0.00436361458536462	0.05356774678058231	0.00000000000000000	0.66914199568947574	0.78827226762766400
Olive_SRR7963422	0.01337041518327667	0.00000000000000000	0.01192431215932034	0.07486928165909401	0.00000000000000000	0.34048587612501396	0.04768025012397054	0.00000000000000000	0.00000000000000000	0.02020158730273946	0.01144928379101100	0.00000000000000000	0.01623839122335428	0.00000000000000000	0.00000000000000000	0.13407419054982381	0.02087851756562513	0.14047771218406171	0.12256053092543225	0.03631213493292455	0.00000000000000000	0.00947751627435246	0.00000000000000000	0.73975645154764724	0.74045491481556402
Olive_SRR7963423	0.01508005199755612	0.00000000000000000	0.00564244447369135	0.00973029776325983	0.00000000000000000	0.38860600187705585	0.05726118856695828	0.00558003362763330	0.00000000000000000	0.05715056603539355	0.00000000000000000	0.00259058469644313	0.01463973342117675	0.01158050362948387	0.02303306504785618	0.13482160561224349	0.01058392867182522	0.03198530238013835	0.20307678667769324	0.00000000000000000	0.00000000000000000	0.02863790552159171	0.00000000000000000	0.74538548925708381	0.73749980199310672
Olive_SRR7963424	0.03583761152469690	0.00000000000000000	0.00954934801176192	0.10193944328943944	0.00000000000000000	0.23022451744581388	0.10147255354910573	0.00000000000000000	0.00000000000000000	0.07379903825851715	0.01722573481035111	0.00000000000000000	0.00000000000000000	0.00747947738246182	0.02302791324034551	0.10961479616087003	0.01240664431037698	0.04630344693916347	0.19057325638889339	0.00000000000000000	0.00000000000000000	0.04054621868820272	0.00000000000000000	0.74921657590520052	0.73880349205265361
Olive_SRR7963425	0.00649782166480523	0.00000000000000000	0.02803735738317926	0.00000000000000000	0.00000000000000000	0.21085649262371717	0.04424338666471262	0.01926344682156660	0.00581668537364617	0.00051835188146051	0.01725778761767774	0.00037417497961291	0.00535984673751540	0.02777350545255079	0.00005850187639629	0.17863076936118563	0.01268694484857299	0.05352723456286562	0.36245395115664353	0.00000000000000000	0.00456938409764640	0.02207435689624531	0.00000000000000000	0.65115173065789722	0.78279519527790098
Olive_SRR7963426	0.02055175727223998	0.00000000000000000	0.01061272293654438	0.01766460221944451	0.00000000000000000	0.28157365772907800	0.04365956173602754	0.00468083286782106	0.00000000000000000	0.00000000000000000	0.01643281242872400	0.00000000000000000	0.04026998659088378	0.00516419577765942	0.05718407589538151	0.17746766396887073	0.00165364541101774	0.03925593891328199	0.23842868688241781	0.00000000000000000	0.02200761194237878	0.02339224742822879	0.00000000000000000	0.70161628589999447	0.76879811628520767
Olive_SRR7963427	0.00385437422973117	0.00000000000000000	0.00438095457369940	0.02049471034344638	0.00000000000000000	0.33990937342241734	0.02352450670652153	0.00000000000000000	0.00703388922407384	0.00000000000000000	0.01959127491471652	0.00000000000000000	0.07972980201669408	0.00000000000000000	0.00000000000000000	0.14496197485238455	0.02546084024437295	0.11862737523572076	0.20325564077877151	0.00000000000000000	0.00727396517197040	0.00190131828547957	0.00000000000000000	0.67711873277445167	0.78161306463173297
Olive_SRR7963428	0.02138901195516979	0.00000000000000000	0.00090964005533131	0.03437443884577641	0.00000000000000000	0.38810787049263312	0.04310366624396621	0.00000000000000000	0.00000000000000000	0.02737933815209372	0.01296848354789842	0.00000000000000000	0.00000000000000000	0.00000000000000000	0.00173127441132763	0.12084602172135560	0.00000000000000000	0.22411757563907467	0.12425794733989221	0.00000000000000000	0.00000000000000000	0.00081473159548097	0.00000000000000000	0.68255760044464475	0.76309046562632632
Olive_SRR7963429	0.01930224994414717	0.00000000000000000	0.00361329651937776	0.02205103282746828	0.00000000000000000	0.27060896807875767	0.03737429748736538	0.00000000000000000	0.00000000000000000	0.01876813977477294	0.00000000000000000	0.01984889912786469	0.00564142543594230	0.01468580874268282	0.05679257647378178	0.17120999833814918	0.03694050752806165	0.02971397080121864	0.26501135681851284	0.00000000000000000	0.00000000000000000	0.02843747210189686	0.00000000000000000	0.63931199561729357	0.79765082635570872
Olive_SRR7963430	0.01415722300948124	0.00000000000000000	0.00929784460587975	0.02302968878714522	0.00000000000000000	0.27107190282469984	0.01895857565479507	0.01008129991806851	0.02126643703700613	0.08689732757936376	0.00000000000000000	0.00977629273396344	0.00000000000000000	0.00000000000000000	0.01586863638688529	0.13294827476430787	0.04023164065203916	0.05241528256794654	0.25365802567442641	0.00000000000000000	0.00000000000000000	0.04034154780399185	0.00000000000000000	0.77776277052275744	0.71827447593301974
Olive_SRR7963431	0.01498141519578066	0.00000000000000000	0.00099581497734997	0.02524783181426787	0.00000000000000000	0.38420654054210823	0.01274609114119719	0.00000000000000000	0.00000000000000000	0.00000000000000000	0.02597127716216888	0.00700901729901927	0.01027264636516407	0.00285795859717375	0.00429383108152355	0.17786750790646541	0.05421683867991003	0.07159404540750612	0.20261475470748744	0.00000000000000000	0.00344809628876381	0.00167633283411372	0.00000000000000000	0.72723802266926918	0.75027705599648853
