Mixture	B cells naive	B cells memory	Plasma cells	T cells CD8	T cells CD4 naive	T cells CD4 memory resting	T cells CD4 memory activated	T cells follicular helper	T cells regulatory (Tregs)	T cells gamma delta	NK cells resting	NK cells activated	Monocytes	Macrophages M0	Macrophages M1	Macrophages M2	Dendritic cells resting	Dendritic cells activated	Mast cells resting	Mast cells activated	Eosinophils	Neutrophils	P-value	Correlation	RMSE
CPTAC_C3L-03394	0.10969515329978717	0.00000000000000000	0.00009855181438100	0.01814304773734380	0.08192281078816305	0.39116166153983706	0.02708609412410426	0.00000000000000000	0.00000000000000000	0.00000000000000000	0.00690394019743693	0.00000000000000000	0.06808884021055242	0.01462152158506111	0.01415716182715408	0.13301775308604383	0.00000000000000000	0.04155481286511017	0.07999037360142888	0.00000000000000000	0.01355827732359618	0.00000000000000000	0.00200000000000000	0.74623720429089946	0.73846104844048155
CPTAC_C3N-03428	0.12515371946159573	0.04544354808005609	0.00000000000000000	0.02484156244475716	0.03415679542246828	0.34416539452821726	0.02867460932891062	0.00238228820992269	0.00000000000000000	0.01621005159295246	0.02229775188725003	0.00000000000000000	0.02791013329059953	0.09627776217088313	0.04841438300099792	0.10406406558440684	0.01637953558870246	0.03561855068007330	0.02589641045957401	0.00000000000000000	0.00211343826863237	0.00000000000000000	0.00200000000000000	0.85181037685402672	0.67728220668721828
CPTAC_C3L-02112	0.07800245380283241	0.00000000000000000	0.01492150265226787	0.05504245361922437	0.00000000000000000	0.30933587775838917	0.00000000000000000	0.00000000000000000	0.00000000000000000	0.00000000000000000	0.01537275849450332	0.00000000000000000	0.06861820804715997	0.09615413516670328	0.02136299112177454	0.17004338611899064	0.03521890994394365	0.01367636613090002	0.12105509377041154	0.00000000000000000	0.00000000000000000	0.00119586337289927	0.00200000000000000	0.83390949622383304	0.70465783587551378
CPTAC_C3N-01719	0.04778132925555696	0.00000000000000000	0.02288004379223349	0.02357858188828672	0.00000000000000000	0.37717770669680506	0.02776901869631463	0.00000000000000000	0.00000000000000000	0.00000000000000000	0.03892884367337918	0.00000000000000000	0.06309504924013991	0.07720758778604148	0.07966559299174432	0.15088835883967464	0.00000000000000000	0.01360488480097242	0.03722701914601246	0.00000000000000000	0.01835546675907248	0.02184051643376623	0.00200000000000000	0.72462855859779496	0.75448645025089234
CPTAC_C3N-03670	0.06323547861493428	0.00000000000000000	0.01311842977828633	0.02837396721466693	0.07062100644852967	0.27482930526866528	0.01507366719392687	0.00000000000000000	0.00000000000000000	0.00000000000000000	0.03009045511292142	0.00000000000000000	0.04916804573400731	0.06654525707292573	0.02023802450494909	0.20882075433148628	0.01412625794746217	0.04113829870353321	0.09429126041058668	0.00000000000000000	0.00000000000000000	0.01032979166311853	0.00200000000000000	0.80237858228679659	0.72139387360990681
CPTAC_C3N-02998	0.02795995551926015	0.00929003721399504	0.00384535868368195	0.05878175354718290	0.00000000000000000	0.43324662611753340	0.02393540434188227	0.01888040056766634	0.00000000000000000	0.02132988135460696	0.02316506017395531	0.00000000000000000	0.05152073282790472	0.02055515572327314	0.11469200432540815	0.16695975746883551	0.00189717729704916	0.00000917566735033	0.01045420065835619	0.00000000000000000	0.01185875145130618	0.00161856706075236	0.00200000000000000	0.81182196574343046	0.67609875108259421
CPTAC_C3N-03211	0.04905986398783820	0.00000000000000000	0.06727517339503140	0.00000000000000000	0.00000000000000000	0.48634301210663006	0.00129564810108987	0.00000000000000000	0.00000000000000000	0.00171060296426346	0.01233865744640787	0.00000000000000000	0.02597525701662771	0.00849816880504811	0.03690731670879720	0.23147501912050167	0.00000000000000000	0.01092734661004879	0.05051151920380290	0.00000000000000000	0.00575165338251438	0.01193076115139838	0.00200000000000000	0.58338791883582586	0.82684628430470408
CPTAC_C3L-01052	0.02887902402885466	0.00505689907500395	0.00092992512828590	0.02768638165334223	0.00000000000000000	0.35740397489876996	0.00000000000000000	0.00000000000000000	0.00000000000000000	0.00000000000000000	0.04373180947721404	0.00000000000000000	0.01951511784907867	0.10546230474495195	0.02877728847470168	0.24385801648220903	0.00393136280257168	0.03676381761196314	0.05960303904140304	0.00000000000000000	0.00000000000000000	0.03840103873165001	0.00200000000000000	0.72060748327103252	0.75202780860424912
CPTAC_C3N-00512	0.02128608933739303	0.03196907806362070	0.03628454519142262	0.02549719902860189	0.00000000000000000	0.39634123774820368	0.00000000000000000	0.00132987148906367	0.00000000000000000	0.00000000000000000	0.03409794920622292	0.00000000000000000	0.06334445220666618	0.04229698327623375	0.03124738791873406	0.20798249118772316	0.00865716341157759	0.01826953055641501	0.08139602137812182	0.00000000000000000	0.00000000000000000	0.00000000000000000	0.00200000000000000	0.79831046076557421	0.71874715185473337
CPTAC_C3N-02295	0.01085308642337676	0.00000000000000000	0.02684561530165543	0.02917617801161921	0.00000000000000000	0.38906587704892764	0.00608929410893262	0.00000000000000000	0.00000000000000000	0.00000000000000000	0.03707604719111654	0.00000000000000000	0.07517498555895019	0.02246910616202140	0.03621399488420490	0.23422675904698659	0.00287560902429172	0.01869821082881660	0.09071691691121335	0.00000000000000000	0.02051831949788695	0.00000000000000000	0.00200000000000000	0.75488251997448186	0.74104414376688665
CPTAC_C3N-01012	0.00615170719112268	0.00000000000000000	0.00485093451560760	0.01811859707000337	0.00000000000000000	0.40388088725935883	0.01059751580745920	0.00000000000000000	0.00000000000000000	0.00000000000000000	0.03074888255993122	0.00000000000000000	0.07062013672760871	0.05771407690258062	0.01501526676754445	0.16419580838361189	0.05333221166182026	0.04270928533044244	0.12180635242594726	0.00000000000000000	0.00000000000000000	0.00025833739696152	0.00200000000000000	0.74191225377703174	0.74870514617469264
CPTAC_C3N-01502	0.04293042602067278	0.00862402778499903	0.02550909621599423	0.01541830198627507	0.00000000000000000	0.31954320263181885	0.00362489037328967	0.00324581418071836	0.00000000000000000	0.00000000000000000	0.01068715865232815	0.00668830772178344	0.02767513827264945	0.13140370390103301	0.02343190209147393	0.21720466187747189	0.00000000000000000	0.04377034322725432	0.06483550058131372	0.00000000000000000	0.00000000000000000	0.05540752448092406	0.00200000000000000	0.70219018505363373	0.76700010357973802
CPTAC_C3L-01053	0.00000000000000000	0.00000000000000000	0.03438918012459834	0.03267021165808544	0.00000000000000000	0.33978758735928016	0.00000000000000000	0.00000000000000000	0.00000000000000000	0.00000000000000000	0.07552172157967051	0.00000000000000000	0.04987728927643992	0.11355310459295979	0.03852373788920995	0.17804902348263915	0.02850754766997697	0.01753924087089355	0.07067147089807435	0.00000000000000000	0.00000000000000000	0.02090988459817172	0.00200000000000000	0.71233828538915878	0.76219927577125235
CPTAC_C3L-03632	0.00542045831408131	0.00000000000000000	0.01023679294388403	0.02509746095621359	0.00000000000000000	0.45274310300371157	0.00000000000000000	0.00000000000000000	0.00000000000000000	0.00000000000000000	0.04384045401574894	0.00000000000000000	0.04492928477391292	0.04762897545330391	0.03514228370978001	0.18539132096458555	0.02609881562054215	0.01927562460330578	0.09970855510214827	0.00000000000000000	0.00448687053878186	0.00000000000000000	0.00200000000000000	0.67249163660432165	0.77903787290830750
CPTAC_C3L-00401	0.00414850613916540	0.00000000000000000	0.02285192969743716	0.00000000000000000	0.00000000000000000	0.40999738914467326	0.00034660154348750	0.00000000000000000	0.00000000000000000	0.00000000000000000	0.02584811875721975	0.00000000000000000	0.01524681946793298	0.15414074302336367	0.02610406103639089	0.18443724422872107	0.01890186361624732	0.04313115652974330	0.03448337923778654	0.00715091139279266	0.01445205022978170	0.03875922595525677	0.00200000000000000	0.78362674410539790	0.71119788227021496
CPTAC_C3L-01054	0.00565456773882360	0.00000000000000000	0.03620972563460566	0.00000000000000000	0.00000000000000000	0.36278575635767646	0.00000000000000000	0.00000000000000000	0.00000000000000000	0.00000000000000000	0.03859315539051837	0.00000000000000000	0.01251244686392743	0.09502690222735168	0.01256870959057927	0.30288823947926197	0.02378559192126688	0.02696679040219762	0.07143221992019540	0.00000000000000000	0.00499238985449724	0.00658350461909837	0.00200000000000000	0.68920777168375458	0.77125377799734274
CPTAC_C3N-00517	0.00884069536860251	0.00000000000000000	0.01784059083613466	0.03908658649900056	0.00000000000000000	0.31678790664086565	0.00000000000000000	0.03260483948221769	0.00000000000000000	0.00000000000000000	0.00764944719676730	0.00896320973753570	0.05326509193040722	0.06473700557047024	0.04185353597793109	0.26854342008619453	0.03089791497278615	0.02810794698387585	0.05094055570827428	0.00000000000000000	0.02988125300893660	0.00000000000000000	0.00200000000000000	0.76405567822679676	0.73318373672269777
CPTAC_C3N-03440	0.01558949698609744	0.00000000000000000	0.01993647323713817	0.00000000000000000	0.00000000000000000	0.30845837895679251	0.00462891850779072	0.00000000000000000	0.00000000000000000	0.00000000000000000	0.03381002359795645	0.00000000000000000	0.03759888174446516	0.10311268759748839	0.00968065619744793	0.27502085152763101	0.03392566362209126	0.03758486415460826	0.07771313082939248	0.00000000000000000	0.01350234700985818	0.02943762603124215	0.00200000000000000	0.69792719693737604	0.76983257345974088
CPTAC_C3L-04495	0.03063270146868880	0.00000000000000000	0.01992957327588738	0.00000000000000000	0.00000000000000000	0.31962277374268866	0.02427968444587556	0.00000000000000000	0.00000000000000000	0.00000000000000000	0.01244504014954818	0.00000000000000000	0.06352389800334571	0.16099759948383213	0.01593012120441582	0.18679925019456856	0.01814401423246823	0.05100757448225733	0.06808339292288340	0.00000000000000000	0.02860437639354027	0.00000000000000000	0.00200000000000000	0.71051949290510230	0.76511105328928863
CPTAC_C3N-04284	0.00687571909797070	0.00000000000000000	0.00258992505413279	0.01761808212629305	0.00652332501214731	0.22683076655066148	0.00000000000000000	0.00066414129832864	0.00000000000000000	0.00000000000000000	0.01881205849556028	0.00000000000000000	0.20071138029386459	0.00000000000000000	0.02762432536666283	0.34915557600935532	0.00000000000000000	0.01399087094161133	0.06659854016433109	0.00000000000000000	0.06200528958908066	0.00000000000000000	0.00200000000000000	0.49658440556112504	0.86958739956365816
CPTAC_C3N-00957	0.09273350272890586	0.00000000000000000	0.01004629411164847	0.00000000000000000	0.19918837031111997	0.28391009225034392	0.00949891390148890	0.00000000000000000	0.00000000000000000	0.00000000000000000	0.02579464373088760	0.00000000000000000	0.04089351058514358	0.06248765245265924	0.03747484086818726	0.21814425090481976	0.00000000000000000	0.00107400918147937	0.01317677553590261	0.00000000000000000	0.00121420127461160	0.00436294216280211	0.00200000000000000	0.76424608792180937	0.72093571108185783
CPTAC_C3L-03395	0.00671372720120172	0.00000000000000000	0.01898875146151880	0.00000000000000000	0.00000000000000000	0.33830174580696265	0.00206762471031973	0.00000000000000000	0.00000000000000000	0.00000000000000000	0.00000000000000000	0.02083171452098983	0.04970250904008647	0.12580863768440048	0.01523723001935435	0.21784121965429171	0.00967985174866751	0.04594145775305927	0.08769365529743180	0.00000000000000000	0.01637875706551807	0.04481311803619764	0.00200000000000000	0.66078783070010916	0.78845722577808719
CPTAC_C3N-00303	0.15145680616400450	0.04147023526081786	0.00000000000000000	0.11239679631683300	0.00000000000000000	0.36913945546488464	0.01174348907841207	0.01147080489571888	0.00000000000000000	0.00000000000000000	0.01435568383786260	0.00000000000000000	0.05250975510300993	0.04276599690368176	0.02933315786620576	0.12224880049580406	0.00000000000000000	0.01905856914136350	0.02205044947140136	0.00000000000000000	0.00000000000000000	0.00000000000000000	0.00200000000000000	0.78951321069848246	0.70239724157886252
CPTAC_C3N-00513	0.00359779733878674	0.00000000000000000	0.00529345681062972	0.04766144836131490	0.00000000000000000	0.27924201529352988	0.00036505683380869	0.00201641066736047	0.00000000000000000	0.00000000000000000	0.03110466652534644	0.00000000000000000	0.11862238510877239	0.07663954803472761	0.02342268832919360	0.18872063450546003	0.04592158924005316	0.01178065230169714	0.15053777422712308	0.00000000000000000	0.00809702284046198	0.00697685358173438	0.00200000000000000	0.78028796508096543	0.73050852406872835
CPTAC_C3N-01166	0.05516431006336622	0.00000000000000000	0.01730954502802254	0.00336084477495111	0.00000000000000000	0.25271462828852992	0.00000000000000000	0.00445932149293035	0.00000000000000000	0.00000000000000000	0.03213479786452309	0.00000000000000000	0.10029332959628387	0.13191948878506921	0.03838952465131785	0.21229513382271517	0.01085871786360376	0.00692382233381549	0.12970338392112721	0.00000000000000000	0.00000000000000000	0.00447315151374424	0.00200000000000000	0.80974897852851491	0.71369193453975333
CPTAC_C3N-01382	0.00802724732955532	0.00000000000000000	0.02897502338245567	0.03114469194411155	0.00000000000000000	0.22688323218437173	0.00000000000000000	0.00968921445112034	0.00000000000000000	0.00000000000000000	0.03651666344798882	0.00305771083548373	0.07877934292623445	0.13799623254571164	0.01706703125650349	0.24175583075112744	0.03187481117544636	0.06268533196920484	0.06513294661478734	0.00000000000000000	0.01165063278628585	0.00876405639961151	0.00200000000000000	0.74526028990174487	0.74356951162804885
CPTAC_C3N-01011	0.02378127051311857	0.00000000000000000	0.01991157946197330	0.06449971136620351	0.00000000000000000	0.34595066378678546	0.00000000000000000	0.00000000000000000	0.00000000000000000	0.01237024563973686	0.00000000000000000	0.00319436488900455	0.03244310644436756	0.03491943320699843	0.05105937618468955	0.22312065121072666	0.01105795319264365	0.03222944219400557	0.13563517179469889	0.00000000000000000	0.00000000000000000	0.00982703011504750	0.00200000000000000	0.76789956022442774	0.73250893231850189
CPTAC_C3L-04473	0.00068728284682175	0.00000000000000000	0.03977730298643492	0.06775413908909006	0.00000000000000000	0.33865706511122318	0.01899705178550732	0.00000000000000000	0.00000000000000000	0.03127534737289926	0.00015359165619994	0.00000000000000000	0.04188961406524248	0.09395774106447018	0.06099598443315082	0.21466634185243624	0.01691463915679075	0.00535229699664076	0.06488766662580513	0.00000000000000000	0.00269477220895454	0.00133916274833267	0.00200000000000000	0.74465240655120879	0.74157467220267692
CPTAC_C3N-01997	0.00000000000000000	0.00000000000000000	0.00216711018756695	0.03813932133165569	0.00000000000000000	0.28301256387137769	0.00000000000000000	0.01395797194683579	0.00000000000000000	0.00000000000000000	0.04581757527250194	0.00000000000000000	0.07246957891800845	0.02421991416478607	0.07246736127120135	0.30538811909391284	0.04416298867988359	0.00000000000000000	0.08971747866764074	0.00000000000000000	0.00000000000000000	0.00848001659462906	0.00200000000000000	0.75237101760897085	0.73735625146235317
CPTAC_C3L-00640	0.06047947059931007	0.00000000000000000	0.00000000000000000	0.00000000000000000	0.00152959887171617	0.30716098151618271	0.00000000000000000	0.00000000000000000	0.00116320728467405	0.00000000000000000	0.02022366760041420	0.00104480374255956	0.08004906109164758	0.20297101143456017	0.00000000000000000	0.16160438646779821	0.01394247462729474	0.08884977822986363	0.02486106647333739	0.00541131679937596	0.00000000000000000	0.03070917526126546	0.00200000000000000	0.85728380614495547	0.66277340926667183
CPTAC_C3L-00189	0.04092165068113920	0.00000000000000000	0.02000559605121268	0.01518059256078528	0.00000000000000000	0.27396117146082077	0.00734165074602676	0.00000000000000000	0.00000000000000000	0.00000000000000000	0.01116784837970715	0.00000000000000000	0.04694495529819454	0.17529919588619880	0.00135375963654070	0.20586741438222950	0.02032803984634923	0.07339186463206897	0.09808682141190636	0.00000000000000000	0.00000000000000000	0.01014943902682007	0.00200000000000000	0.79916522890789543	0.71168106004026355
CPTAC_C3N-01998	0.01353449607064344	0.01123023503615247	0.02037669256689884	0.01909035417512314	0.00000000000000000	0.28671634685573488	0.00222497988244536	0.00339048483081936	0.00022957187519220	0.00000000000000000	0.03681659895224398	0.01629498637644080	0.01573443183236589	0.07023204281916158	0.11621205269660237	0.19931820693549074	0.00834747417629114	0.05718388636532455	0.09706569497185039	0.00000000000000000	0.00000000000000000	0.02600146358121886	0.00200000000000000	0.65972797444354214	0.78514073497303360
CPTAC_C3L-01036	0.10355390661256472	0.00000000000000000	0.00014233254188445	0.06440027304285169	0.00000000000000000	0.37138720434391315	0.00000000000000000	0.00000000000000000	0.00000000000000000	0.00000000000000000	0.09227437724154497	0.00000000000000000	0.03363912044350217	0.09380852404725669	0.02085665415585420	0.16460390751582424	0.00000000000000000	0.01466354893302652	0.04067015112177721	0.00000000000000000	0.00000000000000000	0.00000000000000000	0.00200000000000000	0.51712045272763552	0.85878697944041049
CPTAC_C3N-03069	0.00487051104435883	0.00000000000000000	0.00490079163112220	0.01456171664537207	0.00000000000000000	0.23013725736073343	0.00000000000000000	0.00000000000000000	0.00000000000000000	0.00000000000000000	0.08369727949637541	0.00000000000000000	0.03684066040835442	0.19432820014483845	0.02346742280574364	0.31315211274115329	0.00000000000000000	0.02590873378662648	0.00000000000000000	0.04237619723929700	0.00410997068002847	0.02164914601599647	0.00200000000000000	0.72513455934816340	0.73127253498139266
CPTAC_C3L-00881	0.06086049810948737	0.00000000000000000	0.04732128546432816	0.03067147275138660	0.00000000000000000	0.39711921273201306	0.00498666692130083	0.00000000000000000	0.00000000000000000	0.01766548689026080	0.02946083232517270	0.00000000000000000	0.02960493389322910	0.03524620483242213	0.06648626112230221	0.20274220378774005	0.02198107696561995	0.00000280243701423	0.05359143871439662	0.00000000000000000	0.00000000000000000	0.00225962305332610	0.00200000000000000	0.83736606232371869	0.68979700556710333
CPTAC_C3N-01715	0.01440600878391303	0.00000000000000000	0.01363098920762968	0.12495550749282573	0.00000000000000000	0.26175564974779103	0.05078917410478203	0.01152211961880291	0.00000000000000000	0.00000000000000000	0.06436118490314995	0.00000000000000000	0.02162936319806014	0.09121673538394094	0.10755059661016099	0.21004421609811452	0.00000000000000000	0.00000000000000000	0.02813845485082904	0.00000000000000000	0.00000000000000000	0.00000000000000000	0.00200000000000000	0.75730036405655454	0.72128008302767888
CPTAC_C3N-03426	0.04191861486365765	0.00000000000000000	0.02352921856748701	0.01822799268797913	0.00000000000000000	0.27991291158243115	0.04986618848212724	0.00399116635252595	0.00000000000000000	0.02389176215511155	0.04357573287574375	0.00000000000000000	0.02729668989504029	0.14042051394747243	0.05901997056826735	0.08902447859409296	0.00020076058229812	0.00571936230807003	0.00000000000000000	0.00200116687273649	0.08517961359905951	0.10622385606589931	0.00200000000000000	0.46609853906676857	0.88460479524479851
CPTAC_C3N-00198	0.09863637702902080	0.00000000000000000	0.00809749821499674	0.00186453387692863	0.00904372069694664	0.35317103995869381	0.02030334079830541	0.00000000000000000	0.00000000000000000	0.00000000000000000	0.01435950291852676	0.00396892498848281	0.12134525718500359	0.11049179149358082	0.00520720338765245	0.09975614493284715	0.00804337958333291	0.04904436633552169	0.05698027744899245	0.00000000000000000	0.03344100574256152	0.00624563540860588	0.00200000000000000	0.80317348787071829	0.72082372855237253
CPTAC_C3N-01380	0.03658165536186774	0.01578352647714218	0.02407853054358366	0.08862304870899518	0.00000000000000000	0.33517950022796889	0.00000000000000000	0.00000000000000000	0.00000000000000000	0.00000000000000000	0.02716468932592165	0.00660768080247442	0.05314003413295555	0.02262131152709081	0.03434036830352098	0.19923563475637771	0.01952215328536410	0.01321209072793963	0.12390977581879761	0.00000000000000000	0.00000000000000000	0.00000000000000000	0.00200000000000000	0.80762789029069437	0.71290642658474601
CPTAC_C3N-01388	0.03775880549504201	0.00000000000000000	0.01733577090302986	0.00052688485458499	0.00000000000000000	0.32531924075439145	0.00000000000000000	0.00000000000000000	0.00000000000000000	0.00000000000000000	0.04204616278868671	0.00286762916697814	0.06011926551664158	0.16001820036750394	0.00955870513863501	0.14375940348097568	0.00000000000000000	0.09083647841469357	0.04936446363104272	0.00000000000000000	0.00000000000000000	0.06048898948779441	0.00200000000000000	0.71972491407135997	0.75489718965655928
CPTAC_C3L-03388	0.09809488204168373	0.00000000000000000	0.03821972611772282	0.00000000000000000	0.00000000000000000	0.41046169607471006	0.01013174759623705	0.00000000000000000	0.00000000000000000	0.00000000000000000	0.02785958119474666	0.00000000000000000	0.00768645484279582	0.06474930270777028	0.01312107234974547	0.13811533368826534	0.00000000000000000	0.07161132725657134	0.07828295569514847	0.00000000000000000	0.00121473797537276	0.04045118245923012	0.00200000000000000	0.49766670518402228	0.87178874848052523
CPTAC_C3N-02589	0.00674558977400485	0.00000000000000000	0.02948972156693429	0.03561887511006637	0.00000000000000000	0.35180860177349815	0.00632211165912846	0.00000000000000000	0.00000000000000000	0.00669224867835413	0.00093449523694240	0.00000000000000000	0.04685309964588576	0.11120500510249080	0.02377474610749744	0.21553834302145719	0.02118084929883560	0.06456292913654738	0.07470756900285129	0.00000000000000000	0.00000000000000000	0.00456581488550562	0.00200000000000000	0.72539088570398458	0.75434668511374137
CPTAC_C3L-03356	0.00053034596303773	0.01472298006924478	0.01410782713296161	0.03391926373265774	0.00000000000000000	0.30761915975872162	0.00067769377993176	0.00000000000000000	0.00000000000000000	0.00000000000000000	0.02854191615396456	0.00000000000000000	0.00903573238342437	0.20681888691822711	0.03174335403989119	0.21767789309206004	0.02345609958319615	0.01806233207956006	0.09308651531312136	0.00000000000000000	0.00000000000000000	0.00000000000000000	0.00200000000000000	0.84480952391240494	0.66943244367070909
CPTAC_C3N-02944	0.04428814487144592	0.01674787466026548	0.01267412230683819	0.00487389042303224	0.00000000000000000	0.33211805759152879	0.01365633128241724	0.00383395835152781	0.00000000000000000	0.00000000000000000	0.03310002105365891	0.00000000000000000	0.02594587079206168	0.10858220764431047	0.07237304492594296	0.24015360732156640	0.01916116391289073	0.01261761334064347	0.03117074938832198	0.00000000000000000	0.00117209739421306	0.02753124473933486	0.00200000000000000	0.78360542440795800	0.71812810298300878
CPTAC_C3N-00436	0.00879913277424638	0.00000000000000000	0.01496001846525490	0.00084295292894408	0.00000000000000000	0.24973939022157918	0.00000000000000000	0.00000000000000000	0.00000000000000000	0.00000000000000000	0.03461915468365434	0.00000000000000000	0.10170718477843520	0.20599975915581709	0.01153944192083733	0.19707027249930267	0.02598803881717053	0.03484077432156224	0.04114730925919145	0.00000000000000000	0.01929978522658189	0.05344678494742262	0.00200000000000000	0.83783681124068754	0.67000087128415864
CPTAC_C3L-00928	0.03793090871052505	0.01693488401944544	0.00571002480505024	0.02631114550824342	0.00000000000000000	0.26162197121913894	0.01794947928519876	0.00000000000000000	0.00000000000000000	0.00000000000000000	0.01472741372863267	0.00000000000000000	0.02969831229491156	0.22453642399007878	0.00493446989412554	0.21226749304932174	0.00000000000000000	0.07749325872957918	0.02972660010558193	0.01237414672020620	0.00475542380467475	0.02302804413528574	0.00200000000000000	0.78278650942167616	0.70567988889377575
CPTAC_C3L-01124	0.01555414652934660	0.00187014029262631	0.03432780608980442	0.01432009563389034	0.00000000000000000	0.32776512008659703	0.00934198205266645	0.00000000000000000	0.00000000000000000	0.00000000000000000	0.03697936363985108	0.00000000000000000	0.03357396844353650	0.03724091197887331	0.06954721590469240	0.16343615423664601	0.02874222641441757	0.04877104486815752	0.11345334654212927	0.00000000000000000	0.01531294084160824	0.04976353644515693	0.00200000000000000	0.70531965726280865	0.77312066502428145
CPTAC_C3N-02592	0.08929884546824772	0.02841114977068053	0.00084285258565910	0.01155422881635209	0.00000000000000000	0.36728123048712596	0.01896209630940732	0.01565530062987461	0.00000000000000000	0.00000000000000000	0.03048865143406780	0.00000000000000000	0.03036489570097055	0.06481110117952292	0.05610314255084976	0.22390084403139937	0.00549234952123751	0.02090927140887060	0.02381941504497887	0.00000000000000000	0.00989247191193362	0.00221215314882159	0.00200000000000000	0.80559006357961283	0.70763231762575562
CPTAC_C3N-01383	0.00000000000000000	0.00827294153391036	0.01281596656888282	0.00767756402099768	0.00000000000000000	0.26598079595287200	0.00000000000000000	0.00000000000000000	0.00000000000000000	0.00000000000000000	0.03388288434181571	0.00000000000000000	0.17567826101377820	0.13072709393438997	0.00114233872940044	0.23392002503161888	0.02149905423957690	0.05022346440621607	0.03914578150048965	0.01253313639739107	0.00650069232866037	0.00000000000000000	0.00200000000000000	0.79612724852732464	0.70688110355616129
CPTAC_C3N-03439	0.02293509647410476	0.00878726694714135	0.00594283739578703	0.00888404582691610	0.00000000000000000	0.32976694794952366	0.00011441201663971	0.00000000000000000	0.00000000000000000	0.00221143186854404	0.03202407973218246	0.00000000000000000	0.00570564402628407	0.13246988543547375	0.03454168501290912	0.28576176789398855	0.02796860714145777	0.01083886780339135	0.06533741232669370	0.00000000000000000	0.00000000000000000	0.02671001214896267	0.00200000000000000	0.72402877340363525	0.74772127308908565
CPTAC_C3N-03006	0.03019092728132050	0.00000000000000000	0.03200901846289988	0.01508499607028603	0.00000000000000000	0.35863744205542664	0.01182567854130096	0.00000000000000000	0.00000000000000000	0.00000000000000000	0.04370610692182296	0.00000000000000000	0.06842946092115583	0.05889866453820609	0.02433607333846868	0.19582981414459766	0.00000000000000000	0.05139045015413662	0.07425310601760980	0.00000000000000000	0.02327665541081144	0.01213160614195698	0.00200000000000000	0.72800515664184229	0.76118735020962103
CPTAC_C3N-01165	0.00666787484115602	0.00000000000000000	0.00699077944827388	0.00000000000000000	0.00000000000000000	0.24281279955630561	0.00000000000000000	0.00000000000000000	0.00000000000000000	0.00000000000000000	0.03169342574341945	0.00326931188679454	0.02957904461379669	0.19850566669832428	0.03800873928148712	0.23475897345980581	0.01362464170037861	0.06049762572992790	0.01817020141308806	0.03299359912981069	0.00000000000000000	0.08242731649743130	0.00200000000000000	0.77466481965270551	0.70203047418425502
CPTAC_C3N-03173	0.04859432774067175	0.00000000000000000	0.01768173942904316	0.00910917632085931	0.00000000000000000	0.41630307109705017	0.00000000000000000	0.00000000000000000	0.00000000000000000	0.00000000000000000	0.02428346533033123	0.00273437830484577	0.02803479766063785	0.04665281786580092	0.06273935727675910	0.21813358929805621	0.01387580673019872	0.02074533128378618	0.08550658153412735	0.00000000000000000	0.00548440204989619	0.00012115807793620	0.00200000000000000	0.62456146994674933	0.80778739782884679
CPTAC_C3L-04475	0.00634044167868462	0.00000000000000000	0.01070175699646966	0.00601486609515724	0.00000000000000000	0.45849971804578793	0.00000000000000000	0.00000000000000000	0.00000000000000000	0.00000000000000000	0.04677133831244535	0.00000000000000000	0.01962338037916153	0.05877824602298123	0.02436657549516442	0.25711206932526504	0.00950399298412250	0.02575126403800846	0.05275985130198979	0.00250262506394009	0.01128910777337572	0.00998476648744648	0.00200000000000000	0.55731041067155973	0.83831370715199294
CPTAC_C3L-04853	0.00002491579421941	0.00000000000000000	0.01907817624704254	0.00000000000000000	0.00000000000000000	0.34992780143568075	0.00000000000000000	0.00000000000000000	0.00000000000000000	0.00000000000000000	0.03451255981434366	0.00585530891820502	0.02262078483485753	0.15308643095068836	0.04847646891498620	0.17563934950767487	0.00020522637516182	0.00563010396570541	0.03914005714848243	0.00000000000000000	0.03362914634963299	0.11217366974331897	0.00200000000000000	0.50236143369744302	0.86562627988421192
CPTAC_C3L-02115	0.01293689761336115	0.00000000000000000	0.01791524075636038	0.02727986888379845	0.00000000000000000	0.31857396818454703	0.00000000000000000	0.00000000000000000	0.00000000000000000	0.00000000000000000	0.06118287188055373	0.00000000000000000	0.05855480845177964	0.05597706548643323	0.01211413307913545	0.24011004104874079	0.00322745190710442	0.02480089982290106	0.16732675288528467	0.00000000000000000	0.00000000000000000	0.00000000000000000	0.00200000000000000	0.59607269468603685	0.82428308363023550
CPTAC_C3L-02701	0.00187731295606838	0.00000000000000000	0.01917528558965613	0.01214842711559432	0.00000000000000000	0.20523875328667385	0.01180812611398706	0.00984992609483843	0.00000000000000000	0.00000000000000000	0.02053501584216154	0.00000000000000000	0.00402884927440346	0.15528684310603907	0.00000000000000000	0.21733186320381651	0.00680505039818419	0.04937594662461581	0.03787230366075753	0.00236885838252885	0.05327744656668794	0.19301999178398668	0.00200000000000000	0.67482092967684248	0.76156881681782196
CPTAC_C3L-00102	0.08538724148530021	0.00000000000000000	0.00159417980185847	0.00000000000000000	0.00000000000000000	0.42417779140051926	0.01647439021715653	0.00000000000000000	0.00000000000000000	0.00000000000000000	0.03724261715080775	0.00000000000000000	0.05811511714135135	0.07203106205685944	0.04327288323970492	0.11223416727431175	0.00462445446969454	0.02175744928272196	0.06331354929774113	0.00000000000000000	0.01590427234416524	0.04387082483780744	0.00200000000000000	0.66017832343202532	0.78964778717369410
CPTAC_C3N-01375	0.01577850627413679	0.00000000000000000	0.00681882966628152	0.00521123968313215	0.00000000000000000	0.30118855020662100	0.00000000000000000	0.00000000000000000	0.00000000000000000	0.00000000000000000	0.04237019463810716	0.00255725128228827	0.05476331259755628	0.12563679733439329	0.02172452934643923	0.22117410030402576	0.00000000000000000	0.09642490044266533	0.10161754481524815	0.00000000000000000	0.00000000000000000	0.00473424340910495	0.00200000000000000	0.65173235229607673	0.79349566856758569
CPTAC_C3N-03884	0.00946642329737430	0.00000000000000000	0.00390273651293006	0.00000000000000000	0.00000000000000000	0.17771041599849494	0.02249456539067004	0.00000000000000000	0.00000000000000000	0.00000000000000000	0.05323913017678671	0.00000000000000000	0.02225849438254795	0.11450361223612780	0.00354462102723738	0.21585608185373556	0.00000000000000000	0.21024351359171992	0.06321876778886366	0.00000000000000000	0.03413684338314281	0.06942479436036890	0.00200000000000000	0.53168307935874748	0.85057879619277488
CPTAC_C3N-01168	0.00391772901607923	0.00000000000000000	0.01166493955582290	0.04563524805192932	0.00000000000000000	0.15373325228220336	0.02421107580514675	0.01107451184944329	0.00000000000000000	0.00000000000000000	0.03587950563927014	0.00000000000000000	0.00318555306245501	0.16020910964397606	0.11729527223309852	0.27624128390451991	0.00488839962090070	0.00734920987786902	0.02050327367406058	0.00000000000000000	0.05564950996204755	0.06856212582117760	0.00200000000000000	0.73921704644357089	0.72361752351983466
CPTAC_C3L-00622	0.00000000000000000	0.00000000000000000	0.01719901936067952	0.00726325577251288	0.00000000000000000	0.34888480930159210	0.00000000000000000	0.00000000000000000	0.00000000000000000	0.00000000000000000	0.03682118359295702	0.00000000000000000	0.01871824410697191	0.14272851327510336	0.01989719717004636	0.26987279034324424	0.00000000000000000	0.04132729493922117	0.06889837251303500	0.00000000000000000	0.00000000000000000	0.02838931962463657	0.00200000000000000	0.64853565350445841	0.78958155392852625
CPTAC_C3N-01381	0.02356334571682653	0.00000000000000000	0.00762341184810739	0.04690634293380685	0.00000000000000000	0.28678221977992352	0.00000000000000000	0.01700764589999834	0.00218499337749755	0.00000000000000000	0.05723883388481067	0.00000000000000000	0.04461877634674368	0.08298359534039833	0.04379840981311400	0.25192172157456300	0.01796780661800485	0.03934176392460664	0.07140090107516961	0.00000000000000000	0.00000000000000000	0.00666023186642923	0.00200000000000000	0.59290954720014521	0.82414678343874148
CPTAC_C3L-01703	0.00000000000000000	0.00000000000000000	0.02048002824049219	0.01940795131768435	0.00000000000000000	0.34364017655676410	0.00000000000000000	0.00000000000000000	0.00000000000000000	0.00000000000000000	0.01487574593959867	0.00000000000000000	0.04963187908076467	0.06471369603289598	0.03037100474485422	0.25193360051737990	0.04857172152460102	0.02768578524681856	0.12868841079814625	0.00000000000000000	0.00000000000000000	0.00000000000000000	0.00200000000000000	0.77174133895440267	0.73259220286267568
CPTAC_C3L-02118	0.02695929962326784	0.00000000000000000	0.07091656721479220	0.02493252864104758	0.00000000000000000	0.33134126456980345	0.00000000000000000	0.00000000000000000	0.00107783321933208	0.00000000000000000	0.04233727802780781	0.00699367556590987	0.04378577376898190	0.09747418240377280	0.03922634183698310	0.17918100355290145	0.00000000000000000	0.03459158717553850	0.09187928198438663	0.00000000000000000	0.00000000000000000	0.00930338241547491	0.00200000000000000	0.72459082202258751	0.76294529785388721
CPTAC_C3L-03628	0.01176912192232096	0.00000000000000000	0.00847672981481983	0.00000000000000000	0.00000000000000000	0.39444649710894086	0.00469362012554838	0.00000000000000000	0.00000000000000000	0.00000000000000000	0.02125158845960064	0.00000000000000000	0.05350627186749470	0.17623830653491132	0.01403076856842487	0.18286072729956609	0.00327080329458709	0.03539161192096638	0.06268201421704406	0.00000000000000000	0.01850474034435882	0.01287719852141599	0.00200000000000000	0.73060035490765007	0.74381657997429773
CPTAC_C3N-03780	0.00000000000000000	0.00050955060240406	0.03391037263091076	0.01658928527879130	0.00000000000000000	0.35125954689072675	0.00041294188267231	0.00000000000000000	0.00000000000000000	0.00000000000000000	0.04625633809752867	0.00000000000000000	0.10395795613401500	0.06892659674572027	0.01583044263908484	0.17738906495518841	0.05763452973736815	0.04720401130204787	0.07447827754429814	0.00000000000000000	0.00503531876980834	0.00060576678943498	0.00200000000000000	0.69933481176368717	0.77586343373557642
CPTAC_C3L-01637	0.00846141210111292	0.00283217460826095	0.02572084496004235	0.00000000000000000	0.00000000000000000	0.28549268298610520	0.00000000000000000	0.00000000000000000	0.00000000000000000	0.00000000000000000	0.01127614577774843	0.00728588027785904	0.09312774974258871	0.20243560444860770	0.01997888297006773	0.26915952750542749	0.01641930469659863	0.01091018872988639	0.03739869999339628	0.00000000000000000	0.00896912763353635	0.00053177356876182	0.00200000000000000	0.75237963151608900	0.72242105919271515
CPTAC_C3N-04119	0.03417843446817457	0.00000000000000000	0.00648969921494278	0.00000000000000000	0.00000000000000000	0.31660828546154157	0.00806953361529589	0.00000000000000000	0.00000000000000000	0.00000000000000000	0.04874229702270044	0.00000000000000000	0.02342087618849982	0.16907778288913214	0.00527060029781244	0.23441273127887563	0.00000000000000000	0.05734458981393855	0.07303315566313780	0.00000000000000000	0.00000000000000000	0.02335201408594844	0.00200000000000000	0.64956441409859367	0.79098368477306147
CPTAC_C3L-02899	0.00300038213596493	0.00000000000000000	0.00058807249398960	0.00000000000000000	0.00000000000000000	0.30821190960155953	0.01527583973387338	0.00000000000000000	0.00000000000000000	0.00000000000000000	0.04250462389346923	0.00000000000000000	0.07142381531633284	0.14478996573154254	0.04239659471323082	0.23322840598597649	0.00214432411632097	0.06310368926370656	0.06857985277015992	0.00000000000000000	0.00000000000000000	0.00475252424387302	0.00200000000000000	0.74258003647734139	0.73900568669175581
CPTAC_C3N-02971	0.07532954652432135	0.04321351529491960	0.01866068145770499	0.02618279995144724	0.00000000000000000	0.32650316140664720	0.00000000000000000	0.00000000000000000	0.00000000000000000	0.00000000000000000	0.05469635935751550	0.00000000000000000	0.06851002540479922	0.09295212829320187	0.01973704795294245	0.18486453455691709	0.00144023489162375	0.01660905533214960	0.05598154977113378	0.00000000000000000	0.00000000000000000	0.01531935980467646	0.00200000000000000	0.77528282172703178	0.73343364216048157
CPTAC_C3N-02573	0.00000000000000000	0.00000000000000000	0.00463627148179871	0.00653461884937120	0.00000000000000000	0.29861215018921827	0.01338208110641925	0.00000000000000000	0.00000000000000000	0.00000000000000000	0.04560243373514881	0.00000000000000000	0.09940792569086880	0.11413773215123824	0.07461479547367376	0.22095843596184600	0.00291898683443327	0.03462220114033140	0.07511389660330008	0.00000000000000000	0.00266960877690454	0.00678886200544752	0.00200000000000000	0.67533721839121741	0.77882125378239064
CPTAC_C3L-00819	0.00180431072499863	0.00000000000000000	0.01592835660376342	0.00000000000000000	0.00000000000000000	0.31896602555274350	0.00000000000000000	0.00000000000000000	0.00000000000000000	0.00000000000000000	0.03616220713937401	0.00000000000000000	0.02592531133674155	0.12350517080730328	0.01791909729856081	0.24226202932370694	0.00000000000000000	0.10869766635567867	0.07446955730999277	0.00000000000000000	0.01670600901421793	0.01765425853291843	0.00200000000000000	0.54540861890946291	0.84624376601476436
CPTAC_C3N-01714	0.01082032442185161	0.00000000000000000	0.02953812396818453	0.01062485526608028	0.00000000000000000	0.29307552186516023	0.00435339642807819	0.00586743029048123	0.00000000000000000	0.00000000000000000	0.03728347686383520	0.00000000000000000	0.13876537176813616	0.10566828640249991	0.02697426336052290	0.21193452976265717	0.00557331120104115	0.02432887874344741	0.04506533695738502	0.00000000000000000	0.05012689270063883	0.00000000000000000	0.00200000000000000	0.83848377938457319	0.69484767362492628
CPTAC_C3L-02890	0.00878546303727649	0.02148784891634001	0.02233744481773265	0.00035645486003615	0.00000000000000000	0.35419928523255806	0.00000000000000000	0.00212178977414242	0.00000000000000000	0.00000000000000000	0.02942559464734350	0.00000000000000000	0.07053915891426592	0.08542398737827034	0.03490277934298192	0.22260954059056176	0.02181440233833767	0.04376951717612687	0.07947465477756031	0.00000000000000000	0.00000000000000000	0.00275207819646581	0.00200000000000000	0.74649686832796369	0.74818812502948406
CPTAC_C3L-02116	0.13706300055667023	0.06392255616270662	0.00000000000000000	0.02797132093382552	0.07107563180059401	0.29094934536245337	0.00653664438667620	0.01409213891067959	0.00000000000000000	0.00000000000000000	0.02779085873993842	0.00000000000000000	0.01257383359081556	0.10546615715080034	0.04288293656754441	0.15667085198813849	0.00000000000000000	0.01315717664216390	0.02233424828795184	0.00441958924901515	0.00000000000000000	0.00309370967002642	0.00200000000000000	0.84695407005707291	0.67724657806759869
CPTAC_C3L-03635	0.06261108734495717	0.00000000000000000	0.02553799429289914	0.00000000000000000	0.00000000000000000	0.41517569783397196	0.00000000000000000	0.00000000000000000	0.00000000000000000	0.02589157446837322	0.01165097763029050	0.00000000000000000	0.03253584782782169	0.05974734481496382	0.03312794648525778	0.28888553606194445	0.00000000000000000	0.01479019435480546	0.01745316976173687	0.00000000000000000	0.01244856746808151	0.00014406165489632	0.00200000000000000	0.63379670698061319	0.79880354910814444
CPTAC_C3N-00518	0.00000000000000000	0.00000000000000000	0.00450633307736781	0.00517992094836622	0.00000000000000000	0.24955800941334633	0.00000000000000000	0.00000000000000000	0.00000000000000000	0.00000000000000000	0.01835594017974242	0.00000000000000000	0.14793258668792889	0.16235295040931191	0.01048856811797256	0.27106556431087558	0.04023830877444924	0.02843695205353796	0.04804559124498376	0.00000000000000000	0.00701476919756749	0.00682450558454993	0.00200000000000000	0.77855416529756205	0.70694916310477895
CPTAC_C3N-03840	0.01341714986683129	0.00000000000000000	0.03101491027483001	0.00000000000000000	0.00000000000000000	0.39864990633899638	0.01208803470347104	0.00000000000000000	0.00000000000000000	0.00000000000000000	0.01717843245537867	0.00176459777371626	0.03807250687396053	0.06965611433031656	0.03525554905971116	0.16801655319957717	0.02686850606303207	0.07825467636487697	0.09722901077234719	0.00000000000000000	0.00000000000000000	0.01253405192295476	0.00200000000000000	0.64974688448430717	0.79843377797417059
CPTAC_C3N-03061	0.00804162786295296	0.00000000000000000	0.01283425836552311	0.00000000000000000	0.00488194212070995	0.28809953421817297	0.01308878624063410	0.00000000000000000	0.00000000000000000	0.00000000000000000	0.04107793162523462	0.00346375792379097	0.03325011566923303	0.09000464724521103	0.11205243213718052	0.22510463779777187	0.01366666113987982	0.04208352524039558	0.05721766773275538	0.00000000000000000	0.02790168490231495	0.02723078977823907	0.00200000000000000	0.75192717562599254	0.73186812085125474
CPTAC_C3L-04848	0.09332087941938841	0.00874001984370779	0.02597618313883480	0.00000000000000000	0.03997784218191012	0.37169233001489282	0.04568475141493069	0.00000000000000000	0.00000000000000000	0.00000000000000000	0.06088904946930014	0.00000000000000000	0.03910434128012117	0.03799019373973463	0.03548617393058011	0.11807762469036734	0.02512622387982718	0.04961493711556790	0.02352263674902998	0.00056594301723031	0.01224747601896676	0.01198339409560983	0.00200000000000000	0.72387380790728217	0.75792504128025573
CPTAC_C3L-02897	0.01918179491158421	0.00000000000000000	0.01108015209747470	0.01067383223870397	0.00000000000000000	0.30808466619613034	0.01048487795387172	0.00000000000000000	0.00000000000000000	0.00000000000000000	0.01583811163563809	0.00000000000000000	0.02407049114878108	0.16171060708786689	0.01745755516629784	0.21377644462353759	0.02617119178069660	0.07345608408499341	0.07488091252537001	0.00000000000000000	0.01636186113736322	0.01677141741169028	0.00200000000000000	0.69739967147236048	0.76681356673794154
CPTAC_C3L-01687	0.02422793637507865	0.00000000000000000	0.03066733842657726	0.00000000000000000	0.00000000000000000	0.38176320373021416	0.00042739553061891	0.00000000000000000	0.00000000000000000	0.00733585468606925	0.00866756477422533	0.00000000000000000	0.06617562551429146	0.05687188134932114	0.03336923624062589	0.25201641140044789	0.02122123928833011	0.05260512034548905	0.05065022369938614	0.00000000000000000	0.01176146470226540	0.00223950393705924	0.00200000000000000	0.67577950032316936	0.78293212951539415
CPTAC_C3N-02940	0.00812305220927471	0.00231307725799599	0.00204929399379443	0.01728132509559628	0.00000000000000000	0.41741306948748391	0.00618664858943491	0.00000000000000000	0.00000000000000000	0.01065123338983220	0.01428779988656498	0.00000000000000000	0.01066925720724219	0.07465953631694426	0.07933785735079153	0.19190176362211064	0.02739733205824476	0.00724252170439130	0.07585222585523226	0.00000000000000000	0.02175948729006030	0.03287451868500529	0.00200000000000000	0.75863463965481803	0.72895065073006104
CPTAC_C3L-04080	0.02307376419596744	0.00000000000000000	0.01064670344584150	0.00000000000000000	0.00000000000000000	0.35588897670797637	0.00129589239621947	0.00986132542328543	0.00000000000000000	0.00000000000000000	0.03010447272645545	0.00000000000000000	0.05291885642423356	0.07976980891981619	0.01456984181379453	0.18794428687335726	0.00000000000000000	0.07048194502820575	0.12671300801305013	0.00000000000000000	0.03070851250760641	0.00602260552419060	0.00200000000000000	0.66374778702456594	0.79254610864312891
CPTAC_C3N-03853	0.01033578368825936	0.00000000000000000	0.01766651634869831	0.00000000000000000	0.01683440863711640	0.37237135528704279	0.00000000000000000	0.00000000000000000	0.00000000000000000	0.00000000000000000	0.03553568986455048	0.00000000000000000	0.02821825135723521	0.07817454863169269	0.02979759622757427	0.25914917320494191	0.01069931701940046	0.05491692582170004	0.06622460348075364	0.00000000000000000	0.00794718259406857	0.01212864783696581	0.00200000000000000	0.56624682870554899	0.83663600212825884
CPTAC_C3N-04283	0.00000000000000000	0.00000000000000000	0.00064014035514180	0.00000000000000000	0.00000000000000000	0.31363430325083796	0.00000000000000000	0.00000000000000000	0.00000000000000000	0.00000000000000000	0.05871746783588414	0.00000000000000000	0.04199511906491470	0.11323783655730403	0.03006335419215946	0.17232210875435885	0.04916565148954219	0.06657748675649991	0.06601204815419953	0.00000000000000000	0.04814810385032690	0.03948637973883060	0.00200000000000000	0.59694818659003557	0.82266904959647147
CPTAC_C3L-02109	0.01782084935971245	0.00000000000000000	0.00730285842504691	0.00000000000000000	0.00000000000000000	0.37666313338648699	0.00000000000000000	0.00000000000000000	0.00000000000000000	0.00000000000000000	0.05987346144136182	0.00000000000000000	0.07626986074078597	0.12094151695333080	0.00425420208996768	0.17704025635539070	0.00000000000000000	0.10217305437349315	0.04726369011797249	0.00000000000000000	0.01039711675645099	0.00000000000000000	0.00200000000000000	0.59064557448797628	0.82366347321157762
CPTAC_C3L-03630	0.00459776743732469	0.00000000000000000	0.01038824554364177	0.00000000000000000	0.00000000000000000	0.34231154758961119	0.01594382805779248	0.00000000000000000	0.00000000000000000	0.00000000000000000	0.04851070893115308	0.00000000000000000	0.02210438559761922	0.11210339224671119	0.08493789026114716	0.21516370700740303	0.02924340872305838	0.00732854329303378	0.08151146010636354	0.00000000000000000	0.00535119561275622	0.02050391959238430	0.00200000000000000	0.74545648846161705	0.74010312278648560
CPTAC_C3L-01662	0.00000000000000000	0.00533786418905566	0.01213808173616155	0.00000000000000000	0.00000000000000000	0.30634339497323632	0.00000000000000000	0.00000000000000000	0.00000000000000000	0.00000000000000000	0.04032972396108965	0.00000000000000000	0.00507280071953091	0.25405302658407741	0.03094829985721794	0.24156217972535798	0.00999332025344756	0.02183329213830888	0.04069855698916559	0.01168879519438607	0.00025619943734023	0.01974446424162406	0.00200000000000000	0.74186034751157848	0.72102091421579129
CPTAC_C3N-00709	0.00000000000000000	0.05758552445748662	0.01021016500422005	0.00735925576094273	0.01870252126285207	0.37652724295607082	0.00902248587446716	0.00000000000000000	0.00000000000000000	0.00000000000000000	0.03878540686671621	0.00000000000000000	0.02488534584496516	0.10800860319047861	0.03900784614420742	0.20682483520016123	0.00091854033482927	0.06301408807368879	0.03796932185879914	0.00000000000000000	0.00117881717011468	0.00000000000000000	0.00200000000000000	0.61776396526846222	0.80922747830332886
CPTAC_C3N-03007	0.00000000000000000	0.00000000000000000	0.01957703404189469	0.00000000000000000	0.00000000000000000	0.31084868408145849	0.00000000000000000	0.00000000000000000	0.00000000000000000	0.00000000000000000	0.01480245333359371	0.00000000000000000	0.05682364877623789	0.14086460541637857	0.02556552187113111	0.30551230677628916	0.00348282961124019	0.02109206373785411	0.07095293105700791	0.00000000000000000	0.01825891609149709	0.01221900520541713	0.00200000000000000	0.73484251469318340	0.73962559017876361
CPTAC_C3N-03665	0.03385483020372847	0.00000000000000000	0.01299565513880421	0.02241099385763261	0.00000000000000000	0.29979043322716442	0.00699633927251896	0.00000000000000000	0.00000000000000000	0.00000000000000000	0.01081873504776062	0.00000000000000000	0.02058194623037873	0.17518113781540609	0.06085645527692216	0.22401505996424390	0.02018251029129057	0.01436811272822936	0.05308173250545711	0.00000000000000000	0.03117905080453826	0.01368700763592442	0.00200000000000000	0.59632767837191214	0.81865634305536517
CPTAC_C3L-01598	0.01387972161895656	0.00000000000000000	0.03352794518032808	0.00361309609019055	0.00000000000000000	0.27711645424088110	0.00000000000000000	0.00000000000000000	0.00000000000000000	0.00000000000000000	0.04077249432564187	0.00000000000000000	0.05969539897420012	0.19604772807497392	0.01588945115063416	0.23131874982692366	0.00000000000000000	0.05242331021225485	0.04042135259481710	0.01001671669044671	0.00091828526320090	0.02435929575655053	0.00200000000000000	0.75668419325566150	0.72639015980835553
CPTAC_C3L-00599	0.04828627018588747	0.00445047427306733	0.01069840109262983	0.02184036362325088	0.00000000000000000	0.37505564505286215	0.02925432023791341	0.00000000000000000	0.00000000000000000	0.00000000000000000	0.04623247551195239	0.00000000000000000	0.03241410696636254	0.04658580281756890	0.03819808189556496	0.14223215756819543	0.01918649876126112	0.04400149826255634	0.14156390375092739	0.00000000000000000	0.00000000000000000	0.00000000000000000	0.00200000000000000	0.68331263340960180	0.78198053722810479
CPTAC_C3L-01051	0.01040730795451049	0.00000000000000000	0.02863913536317180	0.03041598250341454	0.00000000000000000	0.39789031483645376	0.00000000000000000	0.00000000000000000	0.00000000000000000	0.00000000000000000	0.06322422639696976	0.00000000000000000	0.04346322945676825	0.06638891753808598	0.02453886194798010	0.20404336355417191	0.02311084660753826	0.01927562049881998	0.08860219334211515	0.00000000000000000	0.00000000000000000	0.00000000000000000	0.00200000000000000	0.59944349384426998	0.82057043956914455
CPTAC_C3N-01716	0.00000000000000000	0.00000000000000000	0.01237303892943283	0.02747848433176925	0.00000000000000000	0.31067388488563308	0.00570989098905451	0.00335373911708269	0.00000000000000000	0.00000000000000000	0.06316638377168954	0.00000000000000000	0.02633315586721099	0.08448314307359442	0.03043247648888316	0.24027857041713413	0.00945900277278008	0.02642938871933249	0.10192007321570337	0.00000000000000000	0.00000000000000000	0.05790876742069950	0.00200000000000000	0.63388430949956409	0.80282956016652085
CPTAC_C3N-03839	0.01210799946547890	0.00000000000000000	0.00284710120686244	0.00000000000000000	0.00000000000000000	0.51448262162620229	0.00636149286216865	0.00000000000000000	0.00000000000000000	0.00000000000000000	0.02881622550976696	0.00000000000000000	0.01238514531086993	0.07208803455153329	0.04220627714626227	0.15568510909837235	0.02036139502799792	0.04812948064024927	0.05746892710667527	0.00000000000000000	0.01837928303343366	0.00868090741412682	0.00200000000000000	0.64370960034020108	0.78983498156287779
CPTAC_C3L-04479	0.00778032873029757	0.00000000000000000	0.05127828615363659	0.00000000000000000	0.00000000000000000	0.30413995347449402	0.00000000000000000	0.00000000000000000	0.00000000000000000	0.00000000000000000	0.03261300759170997	0.00000000000000000	0.06349936676850385	0.06586843982700051	0.01015374951587664	0.27543208942608899	0.00703829130316563	0.03718201713619151	0.09483094511798072	0.00000000000000000	0.05018352495505388	0.00000000000000000	0.00200000000000000	0.56959134342802542	0.83965426616043104
CPTAC_C3L-00625	0.02513961981432680	0.00000000000000000	0.01187381806426824	0.00634221525401749	0.00000000000000000	0.32391918840421985	0.00000000000000000	0.00000000000000000	0.00000000000000000	0.00000000000000000	0.06332289628799889	0.00000000000000000	0.03411879723665490	0.20198506320461454	0.02138658336014722	0.19259904645872497	0.00000000000000000	0.00110662130659741	0.09857326963750533	0.01834175260339270	0.00000000000000000	0.00129112836753164	0.00200000000000000	0.72506330442878930	0.74620351688267450
CPTAC_C3N-03754	0.00000000000000000	0.01129416892849979	0.00385539719197677	0.00213894658787804	0.00000000000000000	0.23683113541202536	0.00000000000000000	0.00894451646112446	0.00000000000000000	0.00000000000000000	0.02598760046654984	0.02388353586848602	0.03884940066546423	0.12270098418649783	0.01739477670168986	0.23080460564594885	0.00528309659716384	0.09862911311319743	0.08855465544727013	0.00000000000000000	0.04100441384355806	0.04384365288266948	0.00200000000000000	0.58832814398740041	0.82544122553486876
CPTAC_C3L-01037	0.00000000000000000	0.00000000000000000	0.01141679715700431	0.02311503466834702	0.00000000000000000	0.31562069384083491	0.01140113289673458	0.00000000000000000	0.00000000000000000	0.00000000000000000	0.02518554557291008	0.00000000000000000	0.08818154428710427	0.13135173082722260	0.02646233190549703	0.19402590740701992	0.03527780081523894	0.02655385701239691	0.10066393299873422	0.00000000000000000	0.01074369061095507	0.00000000000000000	0.00200000000000000	0.74880365942458071	0.74405415186281465
CPTAC_C3N-03666	0.00357243031843056	0.00000000000000000	0.01678898661043688	0.01947205527398796	0.00000000000000000	0.32308457230349630	0.01306718256414825	0.00000000000000000	0.00000000000000000	0.00000000000000000	0.01777700309117160	0.00308902074053666	0.07331079454311094	0.06422034087923718	0.04840157783545747	0.30907053621201847	0.00479684269996397	0.00352032146388451	0.08587388987403448	0.00000000000000000	0.00000000000000000	0.01395444559008481	0.00200000000000000	0.63128048522273217	0.80312654716241094
CPTAC_C3N-04126	0.01166802867451749	0.00000000000000000	0.02747679506829868	0.01171742721179788	0.00000000000000000	0.34223085512397605	0.01844708346308022	0.00882270436915362	0.00000000000000000	0.00000000000000000	0.03615789457223256	0.00000000000000000	0.01302536245045329	0.08635646539093206	0.08536523148834446	0.20741969834227827	0.00068554815309402	0.04801502890398808	0.09241526179713344	0.00000000000000000	0.00000000000000000	0.01019661499071981	0.00200000000000000	0.64582365696582844	0.79591469868368137
CPTAC_C3L-00017	0.04242980827088780	0.00210605388295608	0.01590739584122121	0.01095120434554683	0.00000000000000000	0.37837136070113581	0.00463614130538529	0.00000000000000000	0.00000000000000000	0.00000000000000000	0.05947546916790147	0.00000000000000000	0.05655047095141975	0.02434080784114923	0.05954835022456723	0.25580491457879512	0.03134254550466105	0.02257932531314274	0.03595615207123039	0.00000000000000000	0.00000000000000000	0.00000000000000000	0.00200000000000000	0.72776291146497651	0.75225733414792784
CPTAC_C3L-01689	0.00000000000000000	0.00000000000000000	0.00296536581220493	0.00000000000000000	0.00000000000000000	0.34214408702454852	0.00000000000000000	0.00000000000000000	0.00000000000000000	0.00000000000000000	0.04177885952326119	0.00000000000000000	0.03062030025437884	0.13102532931230440	0.00000000000000000	0.27193529164633473	0.01359497692019006	0.08786419977757441	0.02575137967017813	0.00000000000000000	0.00000000000000000	0.05232021005902480	0.00200000000000000	0.57008369121316349	0.82993843947293267
CPTAC_C3L-04027	0.00719772654501735	0.00000000000000000	0.00393758997160851	0.00000000000000000	0.00000000000000000	0.24337527518073951	0.01586808994523255	0.00000000000000000	0.00142682941092110	0.00000000000000000	0.03622427122203153	0.00000000000000000	0.07625635105030740	0.15847174656726981	0.03358456803884074	0.27418419108489051	0.03268889554885092	0.01520021036100628	0.04693108541210876	0.00000000000000000	0.03968437051799924	0.01496879914317575	0.00200000000000000	0.87046393846473680	0.65464545071309066
CPTAC_C3N-02585	0.05412605906407292	0.00000000000000000	0.00979489288635992	0.04631425984982183	0.00000000000000000	0.43418942301791019	0.00000000000000000	0.00000000000000000	0.00000000000000000	0.00000000000000000	0.01906984234935476	0.00000000000000000	0.02400821343185679	0.08602299298986454	0.03339746672476651	0.19143879761041027	0.00657182314620838	0.01521613612146475	0.07381590149687664	0.00000000000000000	0.00012456876768136	0.00590962254335139	0.00200000000000000	0.71244390842276839	0.75525082134127697
CPTAC_C3N-03039	0.01285331243750608	0.00000000000000000	0.01971538390583573	0.00000000000000000	0.00000000000000000	0.28865644031277676	0.00000000000000000	0.00000000000000000	0.00000000000000000	0.00000000000000000	0.03387951733740652	0.00000000000000000	0.01141624197783201	0.13829171277335384	0.01365994512636917	0.18413471114934871	0.04735068188885832	0.06721791940018078	0.09357025451836347	0.00000000000000000	0.04706296211062731	0.04219091706154130	0.00200000000000000	0.40723361855195273	0.91270385812054666
CPTAC_C3N-03086	0.00586753154203254	0.00000000000000000	0.03169339709739109	0.00845415902558149	0.00000000000000000	0.35269450408929087	0.00121331980498586	0.00000000000000000	0.00000000000000000	0.00000000000000000	0.04298756680988200	0.00000000000000000	0.06360259183260961	0.07083153772085057	0.03041201691099983	0.26384297994317296	0.01164645966980829	0.02292991461149649	0.09303193315750219	0.00000000000000000	0.00079208778439610	0.00000000000000000	0.00200000000000000	0.64821309298811758	0.79779524910910926
CPTAC_C3L-02463	0.00970047506265611	0.00000000000000000	0.01917108237910974	0.02078108467099361	0.00000000000000000	0.33154843705698167	0.00000000000000000	0.00000000000000000	0.00000000000000000	0.00000000000000000	0.02614950395385821	0.00000000000000000	0.14746651530044905	0.10110512456544235	0.00296109055640031	0.18485642199175262	0.03457477980545455	0.05327762973415133	0.05705036142352513	0.00321957425123871	0.00813791924798682	0.00000000000000000	0.00200000000000000	0.78506507086559640	0.72416485214319115
CPTAC_C3N-00249	0.09662452859868081	0.00000000000000000	0.01166318624163030	0.03900488843737838	0.00000000000000000	0.47446442279118400	0.00000000000000000	0.00000000000000000	0.00000000000000000	0.00000000000000000	0.04390450057973626	0.00000000000000000	0.06548911642138319	0.04574781938520031	0.01128138497471507	0.13513499924489997	0.00000000000000000	0.03137519210021648	0.04205108293534241	0.00325887828963281	0.00000000000000000	0.00000000000000000	0.00200000000000000	0.64396478909170052	0.79046869965161926
CPTAC_C3L-00589	0.00259576199901366	0.00000000000000000	0.02566554515032568	0.00000000000000000	0.00000000000000000	0.27244192316904231	0.00501698494903567	0.00000000000000000	0.00000000000000000	0.00000000000000000	0.01698854111890321	0.00088592037155069	0.12184386473051971	0.09162285413755389	0.03330754828880746	0.23662660851548556	0.03395175950523469	0.00229243217274008	0.13899384715282603	0.00000000000000000	0.01723809665605792	0.00052831208290341	0.00200000000000000	0.66790605553413340	0.78934139866756936
CPTAC_C3N-00302	0.06232392329872301	0.00000000000000000	0.02343315163629438	0.00000000000000000	0.00000000000000000	0.24413521965582685	0.00000000000000000	0.00500278117646065	0.00000000000000000	0.00000000000000000	0.05929822661618910	0.00000000000000000	0.03218993316000250	0.18576874413057970	0.04227402689028283	0.20973260258325041	0.00000000000000000	0.06816547370868468	0.04917627841672718	0.00000000000000000	0.01658955520402690	0.00191008352295179	0.00200000000000000	0.61088431837878276	0.81283753260292857
CPTAC_C3L-03743	0.00013058477303189	0.00000000000000000	0.00273436456267999	0.00000000000000000	0.00000000000000000	0.33340606430191183	0.00531586065271238	0.00000000000000000	0.00000000000000000	0.00000000000000000	0.02185919534415076	0.00000000000000000	0.10257538925206817	0.03328594320887145	0.02188597842963379	0.22984700386631129	0.02431384587420474	0.07615664383451963	0.14802849101327001	0.00000000000000000	0.00000000000000000	0.00046063488663387	0.00200000000000000	0.60389149427106292	0.82139529416204471
CPTAC_C3N-00511	0.00557233753801017	0.00000000000000000	0.01874865291173229	0.00773498079281115	0.00000000000000000	0.40029132565874848	0.00000000000000000	0.00000000000000000	0.00000000000000000	0.00000000000000000	0.03384596464463850	0.00000000000000000	0.07744365626586718	0.01061818527751949	0.01988740179121207	0.14065313056807621	0.04541175724450598	0.07127692707180439	0.16080357125685060	0.00000000000000000	0.00771210897822353	0.00000000000000000	0.00200000000000000	0.73142543579165487	0.75677401018531121
CPTAC_C3N-03190	0.00000000000000000	0.00506821151803750	0.02477042530598198	0.01325346960323436	0.00000000000000000	0.37615626149761483	0.00000000000000000	0.00000000000000000	0.00000000000000000	0.00000000000000000	0.00000000000000000	0.01646103052279415	0.04276068251821835	0.10311661614109126	0.02114954578770151	0.24557472588426296	0.03351251619885181	0.03250687571998612	0.06754233854210870	0.00000000000000000	0.01463156448586217	0.00349573627425424	0.00200000000000000	0.65257507443188867	0.79230815322811687
CPTAC_C3N-00516	0.00687689179009616	0.02418772346925835	0.01954247617864377	0.02532877140281823	0.00000000000000000	0.32381263516830316	0.00000000000000000	0.00000000000000000	0.00000000000000000	0.00000000000000000	0.02259469423758488	0.00000000000000000	0.02484545666065850	0.08320620931834645	0.03630244480329781	0.22572845606946432	0.06038373528929242	0.03868563585507910	0.08607374562144156	0.00000000000000000	0.01320285787890344	0.00922826625681176	0.00200000000000000	0.76721912025056949	0.73797293537757269
CPTAC_C3L-02610	0.01884892343007041	0.01002673296101532	0.02140434170238952	0.02767834518330656	0.00000000000000000	0.35078968575869307	0.00000000000000000	0.00000000000000000	0.00053391889307084	0.00000000000000000	0.03340742887159923	0.00000000000000000	0.05189827082539563	0.03937554367908628	0.02663428362190787	0.22696377654380120	0.02113168185397448	0.05213091090379378	0.11917615577189569	0.00000000000000000	0.00000000000000000	0.00000000000000000	0.00200000000000000	0.71243951194813082	0.76787892994912954
CPTAC_C3N-02579	0.01029268490308353	0.00000000000000000	0.02409288710132236	0.03292860583502558	0.00000000000000000	0.26743331337160126	0.00063893880344581	0.00176711953014572	0.00000000000000000	0.00000000000000000	0.04448269833055067	0.00000000000000000	0.04275387613529993	0.22246585825201282	0.01499436895453737	0.16063284295311883	0.04160453897856504	0.02774801862972258	0.00967371972918288	0.04629083444232651	0.02982324375743559	0.02237645029262353	0.00200000000000000	0.69377183724938196	0.76184891386168696
CPTAC_C3N-03000	0.00000000000000000	0.00000000000000000	0.00618718595369129	0.00000000000000000	0.00000000000000000	0.29263340050647130	0.00053174073340841	0.00000000000000000	0.00000000000000000	0.00000000000000000	0.06905550925986234	0.00000000000000000	0.01164484240900870	0.22720356470293201	0.01454706866152287	0.25512688863922817	0.00000000000000000	0.04490395985100127	0.06073997187687826	0.01514597932008153	0.00000000000000000	0.00227988808591405	0.00200000000000000	0.75081926254396580	0.71923064699911543
CPTAC_C3L-00598	0.02227466666886362	0.03103778922080219	0.00000000000000000	0.00000000000000000	0.03713532606137936	0.38208174789702692	0.00000000000000000	0.00000000000000000	0.00000000000000000	0.00000000000000000	0.04251516707903687	0.00536450374109537	0.06850600101344978	0.07921551342244287	0.03022109550392539	0.22500957901524302	0.00441538804857658	0.05953133209086686	0.00000000000000000	0.00000000000000000	0.01269189023729127	0.00000000000000000	0.00200000000000000	0.62399239493584613	0.80367325781501397
CPTAC_C3N-03430	0.00000000000000000	0.00000000000000000	0.00775803742911034	0.00000000000000000	0.00000000000000000	0.20486653740346353	0.00253471841277995	0.00000000000000000	0.00000000000000000	0.00000000000000000	0.02914665162280525	0.00000632476136562	0.01875349909393415	0.16415262309904630	0.07928143122097513	0.37647256651595895	0.00000000000000000	0.00000000000000000	0.07153454765789380	0.00000000000000000	0.00310177359194356	0.04239128919072347	0.00200000000000000	0.74799745723496125	0.71379781797959774
CPTAC_C3L-02809	0.02963952863952650	0.00000000000000000	0.00941037577658524	0.00000000000000000	0.00000000000000000	0.29803622998653578	0.00000000000000000	0.01212624001278566	0.00000000000000000	0.00000000000000000	0.03141745521663419	0.00000000000000000	0.05264804815281664	0.08612187649762655	0.02205811160981526	0.24382985285288969	0.01793699419684638	0.04393888491817882	0.13621033242204858	0.00000000000000000	0.01662606971771082	0.00000000000000000	0.00200000000000000	0.56551527741345564	0.84062958874286930
CPTAC_C3L-03123	0.01402595003865036	0.00000000000000000	0.00862589693982458	0.03692113853518096	0.00000000000000000	0.24608309425559008	0.06877705145099601	0.00000000000000000	0.00000000000000000	0.00000000000000000	0.10196919674946127	0.00000000000000000	0.03998715805230503	0.14941727220510728	0.08178209196418454	0.17215576683494946	0.01075244891077642	0.01721959485400362	0.02936934444739580	0.00000000000000000	0.02291399476157457	0.00000000000000000	0.00200000000000000	0.77611630480664351	0.71899163202641114
CPTAC_C3N-02010	0.01967526028043666	0.00000000000000000	0.04345050969443615	0.00752606912950632	0.00000000000000000	0.49919074622399162	0.00644023317908099	0.00000000000000000	0.00000000000000000	0.00000000000000000	0.04133031009577363	0.00000000000000000	0.01898882027418576	0.02245586616004747	0.00641870478199863	0.14872308052133268	0.03570369867545683	0.02620622923323281	0.06872615043693772	0.00000000000000000	0.02655195928327379	0.02861236203030874	0.00200000000000000	0.49130002062833439	0.87284800488094605
CPTAC_C3L-01031	0.00181670905143877	0.00171433934746548	0.02393871548933394	0.03271099605005998	0.00000000000000000	0.32183716985705357	0.00000000000000000	0.00000000000000000	0.00000000000000000	0.00000000000000000	0.03177062987256209	0.00000000000000000	0.03862314562599937	0.15981459422335387	0.01740057999804022	0.23640007735524576	0.03845265645016009	0.04307466003798414	0.05244572664130265	0.00000000000000000	0.00000000000000000	0.00000000000000000	0.00200000000000000	0.82002943370297299	0.69085122152210732
CPTAC_C3N-01167	0.00909615978182849	0.00000000000000000	0.02053354949529672	0.00000000000000000	0.00000000000000000	0.32366926378616245	0.00000000000000000	0.00000000000000000	0.00000000000000000	0.00000000000000000	0.04246154982099783	0.00000000000000000	0.05019937569022652	0.10367836506768938	0.02575333806351742	0.29154652853249258	0.00000000000000000	0.07241675177908451	0.06064511798270408	0.00000000000000000	0.00000000000000000	0.00000000000000000	0.00200000000000000	0.64483449137945104	0.79472540067655018
CPTAC_C3L-01971	0.04310771093232838	0.00000000000000000	0.01492178122895981	0.00878567706524739	0.00000000000000000	0.43856520174459013	0.00000000000000000	0.00000000000000000	0.00000000000000000	0.00000000000000000	0.02846590179874455	0.00000000000000000	0.03463303988527293	0.12175375556236431	0.04933689559492481	0.17249434968368535	0.00000000000000000	0.01269804782862665	0.07469686748386289	0.00000000000000000	0.00000000000000000	0.00054077119139300	0.00200000000000000	0.77622070071053573	0.71943089347447353
CPTAC_C3L-02604	0.00000000000000000	0.00527849022787705	0.00000000000000000	0.00000000000000000	0.00000000000000000	0.21212827674733006	0.00125407054391490	0.00000000000000000	0.00000000000000000	0.00000000000000000	0.04617582946977217	0.00000000000000000	0.03108103336704679	0.40411439108974967	0.01331761296822357	0.20155624005832135	0.00000000000000000	0.03883275101034424	0.00083177321680321	0.03881209656603010	0.00000000000000000	0.00661743473458697	0.00200000000000000	0.81997295267893033	0.62922077405381627
CPTAC_C3L-00277	0.00000000000000000	0.00376300633985938	0.01405253804502140	0.00000000000000000	0.00000000000000000	0.36062752656751079	0.00009185953123271	0.00000000000000000	0.00000000000000000	0.00000000000000000	0.06923441739660563	0.00000000000000000	0.06527269689688678	0.14633888454379057	0.03408641334755932	0.23342883380270588	0.00000000000000000	0.01150473118358865	0.04262371741525903	0.00000000000000000	0.01451731195368005	0.00445806297629996	0.00200000000000000	0.54139647374892919	0.84698965499366807
CPTAC_C3L-01328	0.01646172296543931	0.00000000000000000	0.00303700546378222	0.00000000000000000	0.00000000000000000	0.29966755360445174	0.01660388875190691	0.00000000000000000	0.00000000000000000	0.00000000000000000	0.03282008927743922	0.00069716213581225	0.09863597093756829	0.13916091263957425	0.00317813358389020	0.20362483882238469	0.00000000000000000	0.09757688272009286	0.06159453074360356	0.00000000000000000	0.01209554496000604	0.01484576339404851	0.00200000000000000	0.69898073903670155	0.76776234465019333
CPTAC_C3L-03639	0.00000000000000000	0.00000000000000000	0.00299185357110627	0.03966792482950302	0.00000000000000000	0.18735740610983687	0.08863795878868849	0.01966059518573544	0.00000000000000000	0.00000000000000000	0.07692230164682115	0.00000000000000000	0.00202487102969156	0.09312348757392735	0.07587259584092217	0.20028985097802765	0.00000000000000000	0.11227121299552187	0.02655370749200090	0.00000000000000000	0.04084301457143208	0.03378321938678516	0.00200000000000000	0.59101430387558407	0.82138594807358323
CPTAC_C3N-04282	0.01871946843630870	0.00000000000000000	0.01734029071288969	0.00000000000000000	0.00000000000000000	0.22994389931238898	0.00000000000000000	0.00000000000000000	0.00674453064839567	0.00000000000000000	0.04101311414531743	0.00000000000000000	0.00853601249386449	0.23336125792417386	0.00574006232706692	0.34198888380926656	0.00000000000000000	0.01904700762896657	0.06469919532464997	0.00000000000000000	0.00620885158559442	0.00665742565111652	0.00200000000000000	0.72855772975510125	0.72707703349791530
CPTAC_C3L-04072	0.00000000000000000	0.00000000000000000	0.00418994557701030	0.00000000000000000	0.00000000000000000	0.33271752045066250	0.01693591726649111	0.00000000000000000	0.00000000000000000	0.00000000000000000	0.06654278779108051	0.00000000000000000	0.03903095207953738	0.05561906129124258	0.02099816456980766	0.22757691987614603	0.00000000000000000	0.10659875548659525	0.04569846787934132	0.00000000000000000	0.05350710680420627	0.03058440092787911	0.00200000000000000	0.38927628680900317	0.92069755979773638
