Mixture	B cells naive	B cells memory	Plasma cells	T cells CD8	T cells CD4 naive	T cells CD4 memory resting	T cells CD4 memory activated	T cells follicular helper	T cells regulatory (Tregs)	T cells gamma delta	NK cells resting	NK cells activated	Monocytes	Macrophages M0	Macrophages M1	Macrophages M2	Dendritic cells resting	Dendritic cells activated	Mast cells resting	Mast cells activated	Eosinophils	Neutrophils	P-value	Correlation	RMSE
Grunwald_PCSI_0019_Pa_T_5265	0.02258721352633607	0.00000000000000000	0.00223093721013236	0.08457418606993702	0.00000000000000000	0.27541307668492571	0.05967382728981878	0.00000000000000000	0.00000000000000000	0.00000000000000000	0.01625020984906411	0.02434508889038725	0.02905696145163716	0.06621089511439963	0.01015107903094691	0.15205000256938364	0.04897074257444402	0.06923037732965198	0.12050107929538213	0.00083696788863150	0.01425689887803457	0.00366045634688713	0.00000000000000000	0.76961119602743111	0.73975821189842461
Grunwald_PCSI_0073_Pa_T_5265	0.01894369708224122	0.00000000000000000	0.00132203008049846	0.05936643537079086	0.01015378515019223	0.20489280081299271	0.03984152995578345	0.00000000000000000	0.00000000000000000	0.00000000000000000	0.00632619210892498	0.02460718086822047	0.01875014447419255	0.17826664612624293	0.00811129298816411	0.26082923935356533	0.00590177800413882	0.01334324134331829	0.02646062982637668	0.08897163052016752	0.01763976758230485	0.01627197835188463	0.00000000000000000	0.84726225840469160	0.65931986671993481
Grunwald_PCSI_0074_Pa_T_5265	0.00700112513098611	0.00046467436881989	0.00208637248205465	0.04513814667806599	0.00000000000000000	0.28046558475084971	0.00444734676106311	0.00000000000000000	0.00000000000000000	0.00000000000000000	0.01017373428101873	0.01159407641070444	0.10230837221859153	0.12176480508147484	0.00000000000000000	0.20668277630969886	0.01320293315156335	0.04551448725408872	0.11809243352195511	0.00000000000000000	0.02927708862921125	0.00178604296985362	0.00000000000000000	0.72686830311963024	0.75577595538885289
Grunwald_PCSI_0081_Pa_T_5265	0.00627517331355647	0.00000000000000000	0.00087879211732956	0.05850289051897089	0.00000000000000000	0.26264243053452491	0.00000000000000000	0.00000000000000000	0.00000000000000000	0.00000000000000000	0.00000000000000000	0.04858532768424653	0.01322797907855817	0.15654117892268571	0.00191699424252677	0.23047513449898174	0.02369777129791695	0.02315392753180338	0.06183521278105057	0.04722986355252751	0.05456609653737150	0.01047122738794945	0.00000000000000000	0.79544928804609993	0.70115747909277604
Grunwald_PCSI_0104_Pa_T_5265	0.00430979991902345	0.00101998493705224	0.01751112425666556	0.09065294708631463	0.00000000000000000	0.40877372441959736	0.05525242520962214	0.00000000000000000	0.00000000000000000	0.00000000000000000	0.01100567241648981	0.01263856926201694	0.05428836512962713	0.03263671603539324	0.00235823584764119	0.14166418643293432	0.00790393162698854	0.04992690505034241	0.02315007667458917	0.04897262005722220	0.03490770846618119	0.00302700717229854	0.00000000000000000	0.73876125178132335	0.73880057397636267
Grunwald_PCSI_0106_Pa_T_5265	0.00240031841451839	0.00570518224009720	0.00426525050562772	0.07000562232198904	0.00000000000000000	0.33638412470084289	0.02167881828319485	0.00000000000000000	0.00078928994198079	0.00000000000000000	0.00022406467583545	0.02214597480025168	0.09631822307465950	0.02581708278353445	0.00000000000000000	0.19831369297300550	0.08126297584831690	0.04146378823563101	0.09020271158121576	0.00302287961929917	0.00000000000000000	0.00000000000000000	0.00000000000000000	0.71114285779484521	0.76668484768662193
Grunwald_PCSI_0107_Pa_T_5265	0.00120196917916204	0.03909768005272824	0.00896614965903168	0.02926657267231214	0.05052123980072032	0.23308611910091903	0.07488012448580136	0.00000000000000000	0.00000000000000000	0.00000000000000000	0.01092656530469081	0.00000000000000000	0.00789325073950217	0.11866289057856992	0.00000000000000000	0.22938600708749524	0.06744601038713363	0.05378928280459697	0.06026619884477560	0.00074808998276124	0.00970642095752068	0.00415542836227884	0.00000000000000000	0.79624604691602618	0.72251242390595150
Grunwald_PCSI_0108_Pa_T_5265	0.01342791158338045	0.00419179674035236	0.00005613992311024	0.05945615017894743	0.00000000000000000	0.45293790106564596	0.03416442644987609	0.00000000000000000	0.00000000000000000	0.00000000000000000	0.01597143371468793	0.00344806542847446	0.04623019709295360	0.04436264411795672	0.00529464373121407	0.19612655636640347	0.00769952612315573	0.01284763096710190	0.08930495448460295	0.00000000000000000	0.00931000991478693	0.00517001211734979	0.00000000000000000	0.72669366010500835	0.74471313802872063
Grunwald_PCSI_0171_Pa_T_5265	0.00125390147755852	0.00370669609606049	0.00068140099872794	0.04757135183918462	0.00000000000000000	0.26398815638069206	0.01057673921039348	0.00000000000000000	0.00084908456381922	0.00000000000000000	0.00000000000000000	0.01127211295169342	0.07642181265894911	0.21741445926025471	0.00330678330986555	0.18783227158156907	0.00507311871597773	0.02138683584747750	0.09373159046996908	0.00000000000000000	0.05493368463780741	0.00000000000000000	0.00000000000000000	0.69515620948398327	0.76282460365009008
Grunwald_PCSI_0175_Pa_T_5265	0.01437107008636436	0.00000000000000000	0.00000000000000000	0.05290316974111645	0.00129240470290009	0.23726752400405443	0.03090414289339521	0.00000000000000000	0.01528712336009671	0.00000000000000000	0.01674592957332740	0.01278081368471621	0.05506578404007618	0.12069595940334216	0.01710962711084631	0.23930975715460978	0.01923248394975594	0.02095689837965149	0.09355081466296170	0.01803001289187075	0.03324878074906683	0.00124770361184806	0.00000000000000000	0.65726191185011851	0.79257640081615144
Grunwald_PCSI_0208_Pa_T_5265	0.01136614713515751	0.00238232773330408	0.00395749662743910	0.03368227272701102	0.00000000000000000	0.33951535350931233	0.01370388502876749	0.00000000000000000	0.00000000000000000	0.00000000000000000	0.03984071333818575	0.02474956780567290	0.02943708747958802	0.10800164641564382	0.00606671933288121	0.23486718251603009	0.01173965870301829	0.03587686053504795	0.06174232992547915	0.01492795562164811	0.02814279556581312	0.00000000000000000	0.00000000000000000	0.76391238643325909	0.72878403441840489
Grunwald_PCSI_0297_Pa_T_5265	0.01484068731703858	0.00014282134328005	0.00162366468515445	0.02210764947571285	0.00000000000000000	0.18725319965152315	0.01269665790210602	0.00440674683550265	0.00090707153028394	0.00000000000000000	0.04216913302285742	0.00101914154266834	0.00000000000000000	0.31519834217230847	0.00517353532962802	0.16928662173772097	0.00754174190206758	0.01771469382024094	0.11879518593496553	0.04894501338241842	0.02332522783859689	0.00685286457592568	0.00000000000000000	0.87769658288080021	0.61635409872768943
Grunwald_PCSI_0301_Pa_T_5265	0.01525633123423943	0.00000000000000000	0.00833917679402625	0.05966261918064273	0.00000000000000000	0.25426023023321631	0.00939063595782444	0.00136682932992109	0.00000000000000000	0.00000000000000000	0.00000000000000000	0.02404191137161788	0.05330623907557411	0.13917993724297745	0.00000000000000000	0.17576535575061952	0.04885553027442323	0.05424628895852455	0.06563096622761862	0.06460734144455971	0.02083657109293037	0.00525403583128442	0.00000000000000000	0.81177101338162161	0.70348567901657355
Grunwald_PCSI_0347_Pa_T_5265	0.02736072680870708	0.00000000000000000	0.00000000000000000	0.10516263776438646	0.00000000000000000	0.36357367552431968	0.00391544340120128	0.00000000000000000	0.00000000000000000	0.00000000000000000	0.03129045394531212	0.00515598181370337	0.07024753988749978	0.02403140151981348	0.00534033916499614	0.22094402239046773	0.02292920312110474	0.02281218344138940	0.05864851381550586	0.03594505125447887	0.00150336437566709	0.00113946177144700	0.00000000000000000	0.78519833427801167	0.71306657730289091
Grunwald_PCSI_0356_Pa_T_5265	0.00631584727908271	0.00025537704672238	0.00012001561400937	0.03255379422856860	0.00000000000000000	0.18958199574477788	0.00000000000000000	0.00656813737768408	0.00000000000000000	0.00000000000000000	0.00000000000000000	0.05488761271266261	0.05458017868922779	0.13947048038541621	0.00000000000000000	0.27151776267619127	0.03445142524046885	0.04481543369082834	0.16373673016745000	0.00000000000000000	0.00000000000000000	0.00114520914691001	0.00000000000000000	0.75066940355452827	0.73292340512335119
Grunwald_PCSI_0358_Pa_T_5265	0.00626912550388825	0.00000000000000000	0.00123397860709688	0.06501206491897675	0.00000000000000000	0.24575636755916597	0.00115936748560411	0.00000000000000000	0.00000000000000000	0.00000000000000000	0.00000000000000000	0.03768253047266494	0.02165327204871793	0.18835059801925502	0.00849936624014884	0.25846761452627975	0.01549672912545131	0.03581227797091911	0.07452158984641219	0.00685065456086652	0.02896211156720038	0.00427235154735185	0.00000000000000000	0.76774073781418661	0.71572811564022287
Grunwald_PCSI_0384_Pa_T_5265	0.01941803217965471	0.00000000000000000	0.00147398416541584	0.04536888946602885	0.00000000000000000	0.24621492485128274	0.00541447767976917	0.00000000000000000	0.00000000000000000	0.00000000000000000	0.00000000000000000	0.03227011296762007	0.01535473526960315	0.21499590103862842	0.00823652330814184	0.17821406425035907	0.04612760909983897	0.02596959742645246	0.02786644398408307	0.06480389931192221	0.06605708093829758	0.00221372406290192	0.00000000000000000	0.76833190798518591	0.71425727636420266
Grunwald_PCSI_0402_Pa_T_5265	0.00062621672168762	0.00282582240455963	0.00000000000000000	0.00861810805981878	0.00000000000000000	0.18911466418769227	0.00000000000000000	0.00000000000000000	0.00000000000000000	0.00000000000000000	0.00000000000000000	0.01885281626925163	0.13570893618624780	0.20726893876842142	0.00000000000000000	0.28636983646260650	0.00596045524352031	0.02199698528461671	0.05936073034889418	0.03332370317516597	0.02609424259781683	0.00387854428970050	0.00000000000000000	0.81197213656869749	0.67220700200298400
Grunwald_PCSI_0403_Pa_T_5265	0.01028204021566433	0.00000000000000000	0.03314099394716694	0.10062533685033410	0.00000000000000000	0.30133199509161174	0.00452954644111112	0.00000000000000000	0.00799789514493278	0.00000000000000000	0.02492750851315368	0.02265916860575615	0.05145184226421214	0.03911950959315129	0.00000000000000000	0.20583564150627739	0.01496589603371180	0.04689532807238382	0.08188937391756972	0.04267008881322641	0.00476206237012209	0.00691577261961462	0.00000000000000000	0.71591398195659472	0.76090326511618367
Grunwald_PCSI_0449_Pa_T_5265	0.02251297644540535	0.00000000000000000	0.00597093858358270	0.04988933451571870	0.00000000000000000	0.40004055096045688	0.01934017680645163	0.00000000000000000	0.00000000000000000	0.00000000000000000	0.04672187158682767	0.00000000000000000	0.04368135145581297	0.02827617918437411	0.00675932009407829	0.24895660250661669	0.01286230651773718	0.01815704113194830	0.07605099608377530	0.00789889765246193	0.00900207871060399	0.00387937776414827	0.00000000000000000	0.63156963366358732	0.80200422025125739
Grunwald_PCSI_0456_Pa_T_5265	0.00425601992422523	0.01193456578661094	0.00000000000000000	0.08506412516652971	0.00000000000000000	0.35860555243196901	0.02282779090447275	0.00000000000000000	0.00000000000000000	0.00000000000000000	0.01870792592634398	0.00000000000000000	0.05102266416452057	0.10506493650556314	0.00002520669512814	0.17946281008380649	0.02217426545607903	0.02652269753106307	0.05441077093469465	0.02138852195745285	0.03723527875515802	0.00129686777638250	0.00000000000000000	0.73091857394791759	0.74755527853419212
Grunwald_PCSI_0460_Pa_T_5265	0.00260333427810178	0.00000000000000000	0.00136095389812632	0.01904262540067722	0.00918031516107369	0.26393262782683313	0.00000000000000000	0.00000000000000000	0.00000000000000000	0.00000000000000000	0.02531832390867150	0.01156056058109111	0.01101953066676157	0.18777247465725308	0.00000000000000000	0.17199419734102200	0.01783452003253901	0.06742851824048923	0.13195258338040042	0.07684346535568044	0.00000000000000000	0.00215596927127953	0.00000000000000000	0.80664074066561431	0.68890356597259506
Grunwald_PCSI_0588_Pa_T_5265	0.01229456050604826	0.00673568366940601	0.00104774576969990	0.04676447914072979	0.00000000000000000	0.29867560126780957	0.01535925414401670	0.00000000000000000	0.00000000000000000	0.00000000000000000	0.02763165076930228	0.01239177186160911	0.02896924781920754	0.08697647944242484	0.00603779853889293	0.19188016904445190	0.01076935313317722	0.04299639810665419	0.15715510231170249	0.03375723647081201	0.01205767457996426	0.00849979342409111	0.00000000000000000	0.73318483621646180	0.75065252557893958
Grunwald_PCSI_0589_Pa_T_5265	0.01995553102312604	0.00000000000000000	0.00690369458192837	0.05264281595462992	0.00000000000000000	0.25832605780192980	0.04135147565708389	0.00000000000000000	0.00000000000000000	0.00000000000000000	0.02445316770747886	0.01461909076663115	0.01112959767567725	0.18935173183266502	0.00893482481782209	0.17630892048542729	0.01721019185163119	0.04439615463479823	0.08121040771157052	0.02021668769094998	0.02396198254730121	0.00902766725934923	0.00000000000000000	0.83551656188927081	0.68669358056956531
Grunwald_PCSI_0593_Pa_T_5265	0.00341379552324607	0.00192962454217857	0.00030947016324920	0.04203573841977449	0.00000000000000000	0.17933346594023997	0.00070166573142571	0.00000000000000000	0.02329112000082284	0.00000000000000000	0.00000000000000000	0.01787452769541517	0.10007208677092272	0.09030654326307262	0.00435361046268975	0.33657007013818213	0.00328623737915204	0.03383455250482734	0.13867629578866836	0.01184435752260176	0.01093819076931275	0.00122864738421850	0.00000000000000000	0.73131436870791078	0.74354953156371650
Grunwald_PCSI_0612_Pa_T_5265	0.00863847664950058	0.00000000000000000	0.00686760850049885	0.09909690429803450	0.00000000000000000	0.37796381211413216	0.02839597843972925	0.00000000000000000	0.00000000000000000	0.00000000000000000	0.00851629906478224	0.02739699900652279	0.03219272183598234	0.02958465262694866	0.00312088416662204	0.20445962307346049	0.00898039718484081	0.01591040669298985	0.14547196547288344	0.00000000000000000	0.00000000000000000	0.00340327087307193	0.00000000000000000	0.78563439640826338	0.71147964829300636
Grunwald_PCSI_0624_Pa_T_5265	0.01665746395595941	0.01304145709398504	0.00136781611865347	0.05253430557747722	0.02583801384426350	0.32124508830431514	0.02112386845370866	0.00000000000000000	0.00000000000000000	0.00000000000000000	0.09940078755207889	0.00000000000000000	0.03465526307358178	0.15117301505640129	0.01151443656957657	0.17621543074342111	0.00936727336815638	0.02784890236747183	0.01383984039679618	0.01117211104973410	0.01115750680453224	0.00184741966988738	0.00000000000000000	0.80060962412098036	0.69683093661232376
Grunwald_PCSI_0627_Pa_T_5265	0.01561353654819064	0.00000000000000000	0.00644393100169517	0.11776656635427241	0.00000000000000000	0.29766623661076264	0.02853853355927815	0.00000000000000000	0.00000000000000000	0.00000000000000000	0.00000000000000000	0.04858494725362491	0.01346559393122118	0.16721345142802821	0.00051846011051471	0.22535088775215112	0.00000000000000000	0.01837990657876417	0.00000000000000000	0.04766254060571221	0.00852073703624863	0.00427467122953605	0.00000000000000000	0.72686835337528743	0.73458334986916407
Grunwald_PCSI_0643_Pa_T_5265	0.00698182961214838	0.00000000000000000	0.01447369460996141	0.05876583958736188	0.00000000000000000	0.26880948914914687	0.02489007425952963	0.00000000000000000	0.00000000000000000	0.00000000000000000	0.00611139825538015	0.01335338280514731	0.07971418945007874	0.09317228356194325	0.00000000000000000	0.14226592881522832	0.03042186331279403	0.03145289823114465	0.22100257336372808	0.00000000000000000	0.00375777353662146	0.00482678144978573	0.00000000000000000	0.79900297545443155	0.71871956272676452
