Mixture	B cells naive	B cells memory	Plasma cells	T cells CD8	T cells CD4 naive	T cells CD4 memory resting	T cells CD4 memory activated	T cells follicular helper	T cells regulatory (Tregs)	T cells gamma delta	NK cells resting	NK cells activated	Monocytes	Macrophages M0	Macrophages M1	Macrophages M2	Dendritic cells resting	Dendritic cells activated	Mast cells resting	Mast cells activated	Eosinophils	Neutrophils	P-value	Correlation	RMSE
Human_190430T1Pi_S6	0.03147517464702945	0.00000000000000000	0.00179695937835864	0.15341312570144730	0.00000000000000000	0.29510611484874250	0.00000000000000000	0.00000000000000000	0.00000000000000000	0.00000000000000000	0.00000000000000000	0.03187886316297883	0.01499987474077168	0.00000000000000000	0.01706272410015661	0.31273982106992032	0.00564885713894427	0.00866331766236582	0.08386136028917823	0.00703519801989740	0.03108324664151127	0.00523536259869778	0.00200000000000000	0.62992430728843662	0.79978694937876615
Human_P100422T1Pi_S15	0.01499752261408267	0.00000000000000000	0.00235943580509277	0.03791684201126772	0.00000000000000000	0.22021020619548975	0.00745345310447071	0.00000000000000000	0.00195106963033914	0.00000000000000000	0.00882565026984409	0.01915220914783087	0.00749536342977125	0.29546591206037054	0.01896293703541418	0.18551832799018297	0.00565646444353184	0.01375518655045661	0.01718996595258966	0.06698413544697165	0.04581656125108084	0.03028875706121281	0.00200000000000000	0.74849315311819142	0.71035798188785648
Human_P100520T2Pi_S1	0.01526075684355644	0.00017622893970268	0.00240786515362647	0.02486706649294791	0.00000000000000000	0.14061559512037530	0.00067276598657666	0.00000000000000000	0.00430006890736535	0.00000000000000000	0.01574412204415123	0.00569524603488595	0.28517586914179438	0.07254863862991959	0.00771342643684045	0.26069217784698856	0.00897681859497369	0.00296332862382554	0.14466439733848852	0.00000000000000000	0.00752562786398130	0.00000000000000000	0.00200000000000000	0.81276215715426048	0.68475566364548524
Human_P100923T1Pi_S2	0.01359990500194371	0.04399483568628616	0.03026114075195208	0.08651954111549270	0.00000000000000000	0.30336218292816797	0.01743011196915207	0.00543756473659834	0.00000000000000000	0.00000000000000000	0.03675578319440721	0.00000000000000000	0.07334316011576338	0.00000000000000000	0.01198947043818826	0.30612398908461108	0.01035788428044975	0.03454138533092398	0.00543396275732463	0.01962752786072763	0.00000000000000000	0.00122155474801144	0.00200000000000000	0.76532015666081998	0.73103682867695030
Human_P110406T1Pi_S1	0.03920676041758975	0.00000000000000000	0.00183036970690119	0.04227399513454674	0.00000000000000000	0.37311279891208154	0.00758030799623087	0.00000000000000000	0.00000000000000000	0.04252056348292463	0.00000000000000000	0.00000000000000000	0.05758772362488430	0.00088514909724709	0.03383656476982981	0.33248176849427657	0.00862111890494792	0.00000000000000000	0.04415188243754652	0.01591099702099291	0.00000000000000000	0.00000000000000000	0.00200000000000000	0.64665762196498611	0.79077494394600134
Human_P110406T2Pi_S2	0.01822562337018153	0.01588424470056165	0.00242337378930548	0.06419527938253709	0.00000000000000000	0.17568807421980887	0.00000000000000000	0.00000000000000000	0.01005206797726338	0.00000000000000000	0.00470018811834340	0.02320495152441052	0.05032716024206373	0.04663042760315134	0.02589666061864436	0.34470344443188256	0.05036838238466960	0.00252952899406755	0.16029660587038835	0.00000000000000000	0.00000000000000000	0.00487398677272058	0.00200000000000000	0.75815730927859037	0.73444299166880878
Human_P110513T1Pi_OR_S45	0.02544861496435424	0.00213886812181910	0.00949320977820453	0.07416854799909345	0.00000000000000000	0.24386166186688840	0.02069990116933977	0.00000000000000000	0.00000000000000000	0.00000000000000000	0.07360367376380457	0.00000000000000000	0.05221117551912030	0.06291571904165692	0.03892732652773096	0.28258539684645140	0.00325440814209563	0.01487630264673129	0.07216867836172866	0.00000000000000000	0.01091448802251448	0.01273202722846650	0.00200000000000000	0.73797609642847917	0.74878333070813663
Human_P120705T1Pi_S6	0.01205444132761544	0.00000000000000000	0.00134432022335453	0.11301615794782911	0.00000000000000000	0.21944297971093574	0.00000000000000000	0.00000000000000000	0.00527611738718276	0.00000000000000000	0.00000000000000000	0.03922615491212713	0.05195331084481929	0.04008154309757105	0.03589046530614432	0.37986271003108735	0.03723921917062707	0.00000000000000000	0.02651682011290120	0.03109953944259703	0.00000000000000000	0.00699622048520795	0.00200000000000000	0.70554376164805321	0.75332740765336959
Human_P120921T1Pi_2914_KAPA_S2	0.01396364890575446	0.01268807479914268	0.00087514611438639	0.06849392704110407	0.00000000000000000	0.39284414804371326	0.00095501039494526	0.00000000000000000	0.00000000000000000	0.00000000000000000	0.03139567315801476	0.01162459601198810	0.02486338085648569	0.06032182307962903	0.00738209529562031	0.25596396131815863	0.00544883043332879	0.03851433039695813	0.06828032772202071	0.00405253589764218	0.00000000000000000	0.00233249053110765	0.00200000000000000	0.63317762385087339	0.79796004818210220
Human_P140605T1Pi_TPF_S16	0.00605629656143295	0.00976129224275257	0.00000000000000000	0.15326558198330259	0.00000000000000000	0.14936127638335517	0.00000000000000000	0.00717473621458751	0.01815241567452750	0.01194064501579600	0.00000000000000000	0.04400449552371459	0.04618617033815085	0.08435517594489866	0.03274339319130266	0.29705903933346639	0.02966407712187059	0.00000000000000000	0.07297753193665334	0.00000000000000000	0.02654390234394818	0.01075397019024057	0.00200000000000000	0.79155765239198583	0.70988362872774780
Human_P140613T1Pi_TPF_S22	0.03558925504643118	0.00000000000000000	0.00902779327154732	0.08838519004672053	0.00000000000000000	0.34268764315813721	0.00639084231354915	0.01820584310203811	0.00000000000000000	0.00000000000000000	0.04890335385690246	0.00000000000000000	0.01961111798186659	0.07643587574467289	0.02212273207157289	0.21700940911629443	0.00346421433152001	0.01368263742918577	0.00000000000000000	0.08604359831959467	0.01244049420996691	0.00000000000000000	0.00200000000000000	0.60675584432535790	0.81137774674683405
Human_P140619T1Pi_OR_4970_S6	0.04616427603435874	0.00000000000000000	0.02633998149510603	0.12622686049352519	0.00000000000000000	0.31028036560630923	0.00000000000000000	0.01035688986070196	0.00000000000000000	0.00000000000000000	0.01555323727408440	0.01922332593582012	0.04832854869799162	0.00000000000000000	0.04171324326338089	0.27943999598774422	0.01799676152746632	0.00386722397567082	0.00672010645908898	0.04503069128212579	0.00000000000000000	0.00275849210662559	0.00200000000000000	0.77270917875932099	0.71980034266230253
Human_P140731T1Pi_OR_4975_S5	0.03587728167854829	0.00000000000000000	0.04925607483349923	0.07536580419864018	0.00000000000000000	0.17013658258167327	0.00000000000000000	0.00862312797157916	0.00560606627459424	0.00000000000000000	0.01130000157336201	0.02597608997697206	0.03456481087413792	0.13288797680602796	0.02343984012793815	0.35510543919446930	0.00000000000000000	0.00000000000000000	0.00000000000000000	0.06635352921136602	0.00467453316547688	0.00083284153171533	0.00200000000000000	0.79548129158811132	0.69568998518646641
Human_P140822T1Pi_S7	0.01183696687530641	0.00876888251145774	0.01814127972236687	0.02300177730880972	0.00000000000000000	0.25495384394748050	0.00000000000000000	0.00517863786003907	0.02219732416329923	0.00000000000000000	0.02003864503219503	0.00000000000000000	0.00233637187710610	0.24342468200099704	0.02711134783859562	0.16486046893018494	0.02056890620304525	0.00857443164206585	0.11844673169228999	0.04645476889452670	0.00000000000000000	0.00410493350023391	0.00200000000000000	0.54880835368672221	0.84143404004622302
Human_P150205T1Pi_S4	0.08766534956609970	0.04615041239090847	0.00000000000000000	0.18755810815523516	0.00000000000000000	0.20250137559951054	0.00000000000000000	0.00412830643517740	0.00000000000000000	0.00000000000000000	0.00000000000000000	0.03465550886736247	0.06584822397042010	0.00000000000000000	0.01998231072091358	0.19152856025953244	0.00084485144358168	0.00092263305497871	0.00969377822400365	0.07266434083443483	0.02581802267001811	0.05003821780782335	0.00200000000000000	0.75790881459438941	0.73035021502570685
Human_P150507T1Pi_S4	0.01160931040227859	0.00566722809270474	0.00217125696118569	0.14258837583160597	0.00000000000000000	0.25055635631650969	0.01042437475892102	0.00000000000000000	0.00090191625699289	0.00267120880505895	0.00000000000000000	0.03561650724509667	0.11334966746964449	0.00000000000000000	0.03051254962342123	0.20606089854387510	0.06123375207423510	0.00926957995755090	0.11736701766091888	0.00000000000000000	0.00000000000000000	0.00000000000000000	0.00200000000000000	0.77853399613228991	0.72780296966103153
Human_P150514T1Pi_S8	0.00638753597938479	0.02762118852997788	0.00629583759020943	0.09307027115229335	0.00000000000000000	0.26860566474363551	0.00000000000000000	0.00000000000000000	0.02110391111364566	0.00000000000000000	0.00000000000000000	0.03417434941340468	0.02174889917769044	0.04676046757014580	0.08645754204644264	0.25946219443504576	0.04655319083372237	0.00000000000000000	0.07874853730563383	0.00000000000000000	0.00000000000000000	0.00301041010876782	0.00200000000000000	0.78276748506625193	0.71868973220875998
Human_P150731T1Pi_S6	0.01008221451156916	0.02136139382442269	0.00000000000000000	0.03486665442595212	0.00000000000000000	0.15305606328757382	0.00000000000000000	0.00000000000000000	0.02343467402904862	0.00000000000000000	0.00000000000000000	0.05407755620571609	0.00395748998502002	0.27874340605668457	0.00983856768413008	0.30438859692576520	0.00549116900215882	0.00597421899971380	0.06446918927831699	0.00429881261492163	0.00051232295430162	0.02544767021470474	0.00200000000000000	0.73670691002667921	0.71490506897047101
Human_P150903T1Pi_S5	0.00315252288230857	0.01504435381040979	0.03964544835427403	0.12219059843857799	0.00000000000000000	0.15087414463316651	0.02334234493733236	0.01154141874161370	0.00000000000000000	0.01932516743627043	0.00000000000000000	0.02966733568126644	0.00000000000000000	0.07786428085317405	0.02747103019161522	0.21917161166007165	0.00209315110121905	0.00692799964336459	0.00000000000000000	0.10706672381117301	0.00000000000000000	0.14462186782416261	0.00200000000000000	0.75283610668795342	0.72375547710054700
Human_P150911T1Pi_OR_5068_S7	0.03087174813256169	0.01461722272587929	0.01259807280731981	0.06862636148138845	0.00000000000000000	0.37090865027659725	0.00000000000000000	0.00000000000000000	0.00000000000000000	0.00000000000000000	0.07297117062408306	0.00000000000000000	0.04769864777692037	0.01563548981067272	0.02844820801695441	0.20981947980890436	0.01393329812644874	0.02034086727915190	0.06239123523133756	0.01830883050167927	0.00464350298864675	0.00818721441145451	0.00200000000000000	0.68940626314735853	0.77141507931526010
Human_P151217T1Pi_S5	0.06294738430704151	0.02309558953856324	0.00375702402037621	0.15140962110272771	0.00000000000000000	0.28589893767303654	0.00000000000000000	0.00946887249414638	0.00000000000000000	0.00000000000000000	0.00000000000000000	0.05214532338239992	0.08108171844860759	0.00000000000000000	0.03278463118596735	0.19483111243930676	0.00694388065839634	0.00000000000000000	0.00000000000000000	0.08799085055250319	0.00764505419692730	0.00000000000000000	0.00200000000000000	0.74795185002012876	0.72933624673204411
Human_P170112T1Pi_TPF_S2	0.04724078005952920	0.00000000000000000	0.00306283364518203	0.08306500206103008	0.00000000000000000	0.29941514350996012	0.03151679217822012	0.00000000000000000	0.00262534359185799	0.01106789110832722	0.02228569826924326	0.00000000000000000	0.01327626184354698	0.08079479089207683	0.01333911361075043	0.15366580113197267	0.00000000000000000	0.02074821838528599	0.04712995079852862	0.11947384913954302	0.00000000000000000	0.05129252977494545	0.00200000000000000	0.74348025985050725	0.73635043216918494
Human_P170202T1Pi_TPF_S5	0.01675477482839083	0.02771369349797841	0.00000000000000000	0.22199612347582734	0.00000000000000000	0.25080747881791521	0.00000000000000000	0.00434195328129291	0.00000000000000000	0.04310568476470077	0.00000000000000000	0.04518201143659023	0.00478691312415676	0.04057928764288959	0.02123592621106966	0.19471860495319757	0.00616523212658763	0.00146800133050385	0.00000000000000000	0.10816556106211320	0.00000000000000000	0.01297875344678626	0.00200000000000000	0.77254102137960290	0.69680632550318411
Human_P170214T1Pi_TPF_S7	0.01054854479742744	0.00000000000000000	0.00153075768612501	0.03546057412439942	0.00000000000000000	0.20727906182998185	0.00000000000000000	0.01338520832262498	0.00982328063480743	0.00438024976271257	0.00000000000000000	0.02525927086916666	0.04978674897371108	0.10984128161037569	0.02186489779408057	0.37539187264725427	0.01822372332336559	0.01123049862031142	0.09270719236091172	0.00046172724902683	0.00000000000000000	0.01282510939371760	0.00200000000000000	0.60271323104184760	0.81230013314184424
Human_P170216T1Pi_S9	0.00472594766472834	0.01097133536699007	0.00622515749090231	0.14097081349369869	0.00000000000000000	0.24676194655084860	0.00000000000000000	0.00827193688480579	0.00000000000000000	0.00000000000000000	0.00000000000000000	0.02649681522304548	0.04444978666337118	0.03829469431077298	0.02122205839868515	0.24957992093667039	0.03814672961961190	0.00000000000000000	0.13371886040471229	0.02773110709993266	0.00000000000000000	0.00243288989122394	0.00200000000000000	0.74283956404579021	0.74252131570144375
Human_P170413T1Pi_a_TPF_S1	0.06558133945465965	0.00000000000000000	0.01762747169419842	0.12122245111297571	0.00000000000000000	0.14925537587025114	0.00035686729122994	0.04197595333834280	0.00985890087405050	0.00396799205590165	0.00331564271278821	0.02890500519890934	0.07355535126650829	0.00000000000000000	0.02481307277517425	0.31944506396830946	0.01543025751968997	0.01141017270527641	0.05583527206872726	0.03524965098928958	0.01277677078586107	0.00941738831785623	0.00200000000000000	0.68726569924775771	0.77822739682643016
Human_P170526T1Pi_TPF_S12	0.01702881367579952	0.02617828597714732	0.00000000000000000	0.16441591706314670	0.00000000000000000	0.26375197574984477	0.00000000000000000	0.00000000000000000	0.01146705467422560	0.00440893030677889	0.00000000000000000	0.04497477798344796	0.04642052819828395	0.00000000000000000	0.05204580830559184	0.10313806960642141	0.12667947870727320	0.03292478085653537	0.02761296987258444	0.07345609288808114	0.00302849999329353	0.00246801614154443	0.00200000000000000	0.73630576351019739	0.74094572284952953
Human_P170530T1Pi_TPF_S1	0.00976097026151191	0.01040117535722438	0.00437979664757771	0.10627045304599590	0.00000000000000000	0.27074848346814068	0.03000492101496458	0.00000000000000000	0.02393046862351610	0.00000000000000000	0.00000000000000000	0.01922408163296112	0.09614387921732520	0.03585103173519055	0.05920297712968391	0.23615117990304196	0.01895633768721968	0.00002632947069613	0.05688369326898372	0.00539999361803455	0.00000000000000000	0.01666422791793211	0.00200000000000000	0.79227797666310484	0.71681391390519844
Human_P170803T1Pi_TPF_S3	0.03480384039619053	0.00000000000000000	0.00242162954497025	0.11915396711227566	0.00000000000000000	0.23392708319244865	0.00255992117638075	0.00000000000000000	0.00000000000000000	0.01151433978007071	0.00000000000000000	0.04073907599216712	0.07744819759398693	0.00000000000000000	0.04345254308356333	0.30346180582408255	0.00399750947722513	0.00195134907857952	0.06675505181324060	0.05536505340091917	0.00000000000000000	0.00244863253389933	0.00200000000000000	0.74588323852292004	0.73675260686722210
Human_P170907T1Pi_TPF_S4	0.11290711816920754	0.02720205654729979	0.00000000000000000	0.17604381764438853	0.00000000000000000	0.19237345738147346	0.00795218158432708	0.00000000000000000	0.00000000000000000	0.00000000000000000	0.00000000000000000	0.01000533465025358	0.02890508231424960	0.00000000000000000	0.01486128038545297	0.29550004505840588	0.00527067405462425	0.00305196233783251	0.09403751535478856	0.01267894926587642	0.00647836226180173	0.01273216299001787	0.00200000000000000	0.79635486582418780	0.71594965898320395
Human_P170929T1Pi_TPF_S6	0.00935884758156161	0.00000000000000000	0.00262991587776226	0.03170859317782864	0.00000000000000000	0.19218962489424174	0.00340819211837118	0.00000000000000000	0.00000000000000000	0.00000000000000000	0.00467906144100723	0.01345370193458530	0.10256912376452974	0.05454723327166913	0.01793587293879522	0.24204645996038585	0.00265412531758586	0.00000000000000000	0.09480782504281074	0.00000000000000000	0.06712963889751423	0.16088178378135123	0.00200000000000000	0.70264801730699999	0.75068971228362902
Human_P171006T1Pi_TPF_S7	0.01396861538966824	0.00000000000000000	0.00264147764126943	0.02916382083477090	0.00000000000000000	0.19710461196244161	0.00958723258553069	0.00000000000000000	0.01997853298368123	0.00000000000000000	0.00000000000000000	0.01538894231460615	0.27567607390875065	0.00000000000000000	0.00838052521776224	0.18736729435561300	0.05936168103313689	0.02796630930814182	0.15341488246462706	0.00000000000000000	0.00000000000000000	0.00000000000000000	0.00200000000000000	0.78508435545723143	0.72071889650771981
Human_P171012T2Pi_TPF_S8	0.04728773423075876	0.00148715246712160	0.00000000000000000	0.14660608407526410	0.00000000000000000	0.37898801958141370	0.00159437259610060	0.00000000000000000	0.00886421320833394	0.00000000000000000	0.00000000000000000	0.00000000000000000	0.02522289312166627	0.00000000000000000	0.02928204374721032	0.18849310475802086	0.05761835638005949	0.01670729655586993	0.05480353187370621	0.03720270289156974	0.00000000000000000	0.00584249451290423	0.00200000000000000	0.72819822022885616	0.74269403963631697
Human_P171110T1Pi_TPF_S9	0.00000000000000000	0.03386709202224615	0.00552825065653554	0.03178182058672509	0.00000000000000000	0.12589453631467207	0.00000000000000000	0.00115489973111857	0.00628587034905532	0.00000000000000000	0.00000000000000000	0.02748497991924596	0.04636000297665124	0.11701427835573744	0.00551964259931026	0.33943074286869607	0.08414231460986731	0.07121015818519504	0.02501363749965370	0.05086695730969515	0.00000000000000000	0.02844481601559486	0.00200000000000000	0.83353391950194067	0.66701265576048685
Human_P171201T1Pi_TPF_S3	0.12985863699410222	0.01347550448854093	0.00000000000000000	0.07565994463823610	0.00977450172233087	0.24256250422051284	0.00995427251989165	0.00000000000000000	0.00000000000000000	0.00000000000000000	0.05976705935997095	0.00000000000000000	0.06846605844870830	0.01863222517918285	0.02351987222602081	0.20300380171880791	0.00000000000000000	0.00756173711406122	0.01081352401016101	0.04920143308596125	0.00000000000000000	0.07774892427351091	0.00200000000000000	0.69037736848162690	0.77338861739616960
Human_P171215T1Pi_TPF_S4	0.07029806644450667	0.06141928145871703	0.00000000000000000	0.12023745516944359	0.00000000000000000	0.30326994878735952	0.00000000000000000	0.01304710028027259	0.00093797546132407	0.00206693856868108	0.00000000000000000	0.04205058410478631	0.01367244503744974	0.02880387848655922	0.05820706326323458	0.18898319511544029	0.04953146753324750	0.00335143755790174	0.04023772741367854	0.00000000000000000	0.00388543531739750	0.00000000000000000	0.00200000000000000	0.86325461492987532	0.66645605665661700
Human_P180405T1Pi_TPF_S5	0.02966166558282619	0.00000000000000000	0.01731788841418114	0.05643432854843308	0.00000000000000000	0.29756748213314832	0.00067572574130106	0.00000000000000000	0.00000000000000000	0.00000000000000000	0.02605497388690890	0.00027698939265624	0.04330602807415276	0.03076519420245748	0.03789384346603226	0.26536622256913184	0.04688797848972745	0.01534217358163995	0.05849454656864168	0.01188860147190569	0.00000000000000000	0.06206635787685581	0.00200000000000000	0.45993487526267707	0.88863423839192113
Human_P180524T1Pi_TPF_S9	0.02502917961056082	0.00000000000000000	0.00132985483766829	0.12202836687363450	0.00000000000000000	0.23770278168838277	0.00738129450001958	0.00000000000000000	0.00000000000000000	0.00699701758362683	0.00000000000000000	0.03490405593425638	0.05754426180014063	0.05410887548210240	0.04011507962522415	0.31370306605993181	0.02452345152580372	0.00764936605237274	0.05585878556576553	0.00915623680427328	0.00000000000000000	0.00196832605623675	0.00200000000000000	0.81145845721362508	0.69720762003212400
Human_P180809T1Pi_TPF_S14	0.03924053331240663	0.00000000000000000	0.00729838565001871	0.12834513768058062	0.00000000000000000	0.19770713502462023	0.00000000000000000	0.00325787973761458	0.00831558327479968	0.00000000000000000	0.00000000000000000	0.03041245397984550	0.10058194802201456	0.00000000000000000	0.01613138543477255	0.28271965286216549	0.01311411797767582	0.00919879643363281	0.14186090225762479	0.02126893711041654	0.00000000000000000	0.00054715124181152	0.00200000000000000	0.74183579405760780	0.74708178016570959
Human_P180912T1Pi_OR_S13	0.03053893293848966	0.00000000000000000	0.00271657683838106	0.04216926823801775	0.00000000000000000	0.24659308834793892	0.03630376901490899	0.00324387410301875	0.00238349088880880	0.00000000000000000	0.00815846976291906	0.01871478314759691	0.01312499358310481	0.07445004812779754	0.04637179151163074	0.28650006426485825	0.00569446848042907	0.00258091646955820	0.06894437699493512	0.00000000000000000	0.03658624007932248	0.07492484720828393	0.00200000000000000	0.60871169098620892	0.81538635345043753
Human_P190131T1Pi_TPF_S6	0.02109310495765642	0.04180206283212794	0.00757760375937951	0.03484958430345406	0.00000000000000000	0.21376419532220547	0.00421578679288773	0.00948753041767178	0.00456147527056507	0.00000000000000000	0.06301573876349623	0.00000000000000000	0.00633663902960957	0.06499655796086830	0.00182657844893994	0.12020849319688172	0.00000000000000000	0.02908288649057492	0.00000000000000000	0.21767963542256649	0.00000000000000000	0.15950212703111488	0.00200000000000000	0.73821461018453127	0.72078205552721797
Human_P190320T1Pi_distal_TPF_S14	0.05673666661706460	0.00000000000000000	0.00404897740945736	0.17522632378442987	0.00000000000000000	0.30984694904605076	0.00000000000000000	0.00656932241509722	0.00000000000000000	0.02555631927372319	0.00000000000000000	0.02966320749534527	0.02501979971958168	0.00000000000000000	0.10103731337541887	0.15920853017821077	0.00690794499381250	0.01263686565290570	0.06688301930209620	0.02032448611715310	0.00000000000000000	0.00033427461965297	0.00200000000000000	0.78304272050489254	0.69757290771406810
Human_P190408T1Pi_TPF_S9	0.05072662111733356	0.00000000000000000	0.00463960985024163	0.16920922705169425	0.00000000000000000	0.31947794959394171	0.00000000000000000	0.00000000000000000	0.00000000000000000	0.00000000000000000	0.00000000000000000	0.02401440234193108	0.07268114010425811	0.00000000000000000	0.01450673605694948	0.19338011645547387	0.00000000000000000	0.00088598551659156	0.00000000000000000	0.11199336205124068	0.00750144926409343	0.03098340059625082	0.00200000000000000	0.59801709453978480	0.81366114993116312
Human_P190429T1Pi_TPF_S14	0.02668071917616759	0.00000000000000000	0.00977173261312993	0.03757913353364106	0.00000000000000000	0.10598036768612894	0.01389675208289511	0.00000000000000000	0.00000000000000000	0.00000000000000000	0.02381090371692737	0.00000000000000000	0.12867271466051966	0.03797029146319719	0.00689412925404698	0.26014936155840351	0.00276587375985628	0.00739815388076829	0.00000000000000000	0.08660945125907597	0.00000000000000000	0.25182041535524202	0.00200000000000000	0.62564201443778311	0.78424921973682238
Human_P190624T1Pi_TPF_S8	0.02631502305921862	0.00000000000000000	0.01553946011723020	0.08480644851506169	0.00000000000000000	0.27789415695052133	0.00406391908982854	0.00000000000000000	0.00000000000000000	0.00000000000000000	0.04112023487897078	0.00841483390750621	0.06639575808190692	0.02734743269158071	0.00829053704135376	0.27569176926804989	0.00960476861418133	0.01520085777320808	0.11554177109823982	0.00000000000000000	0.01128037113963636	0.01249265777350589	0.00200000000000000	0.67633435248823959	0.78367666654001900
Human_P190722T1Pi_S2	0.08887805204911618	0.06120890819944724	0.00000000000000000	0.16324274796908159	0.00000000000000000	0.23067794780132980	0.00532668571599151	0.00000000000000000	0.00000000000000000	0.00000000000000000	0.00000000000000000	0.02400285637010590	0.07154977608788295	0.01347393085927723	0.02481102774355867	0.14929424934262553	0.02176565239141460	0.01302196067802628	0.00000000000000000	0.10238491632378763	0.01060842968608778	0.01975285878226722	0.00200000000000000	0.75136114361966710	0.73701368776005460
Human_P190801T1Pi_TPF_S15	0.00722316129294239	0.00000000000000000	0.00230595204622753	0.08063045903090237	0.00000000000000000	0.29277144901966634	0.00000000000000000	0.00000000000000000	0.00000000000000000	0.00301426540181678	0.00000000000000000	0.05129514421677216	0.00922077783628702	0.02022380209793465	0.02459095217768231	0.32073034867212502	0.07116429517624474	0.02035616688386196	0.09351278874242683	0.00255714039077113	0.00000000000000000	0.00040329701433882	0.00200000000000000	0.74196952803810134	0.73980485327555467
Human_P191205T1Pi_TPF_S10	0.05162019949067070	0.00000000000000000	0.00712893181342193	0.02817722111786780	0.00000000000000000	0.12764259946064421	0.00000000000000000	0.00000000000000000	0.02726588824258620	0.00966672952883983	0.00448903799438487	0.00778771088313760	0.03123080165905059	0.12770868221420159	0.00985612103163860	0.42075817884991518	0.03372976423249407	0.00000000000000000	0.05698790835986419	0.00496714671688625	0.03033752497576740	0.02064555342862921	0.00200000000000000	0.54442977015890870	0.84156386504680336
Human_P200213T1Pi_TPF_S11	0.05151945639352928	0.00000000000000000	0.00468177566361676	0.07384880267283515	0.00000000000000000	0.15118201051554064	0.00000000000000000	0.00000000000000000	0.00000000000000000	0.03603302936536445	0.00000000000000000	0.01840207007863832	0.09977304554442289	0.00000000000000000	0.01654447797784087	0.29860297859853108	0.00736902729177030	0.00457691517863480	0.21583840040685706	0.01348672139098607	0.00000000000000000	0.00814128892143258	0.00200000000000000	0.65256219707471541	0.79169486344164886
Human_P200220T1Pi_TPF_S13	0.03204697091602618	0.00000000000000000	0.00253587455852833	0.09978441924652379	0.00000000000000000	0.15417400447325955	0.00000000000000000	0.00000000000000000	0.00000000000000000	0.00000000000000000	0.00000000000000000	0.02588056959099177	0.14956808766613147	0.03087357598995071	0.01619544287708232	0.35691422921630345	0.00000000000000000	0.02014309703492471	0.01280845919201022	0.08539671272990366	0.00343228474518852	0.01024627176317534	0.00200000000000000	0.72800623664639130	0.74002243372066756
Human_P200227T1Pi_TPF_S15	0.05506362679712055	0.00000000000000000	0.01428445813946312	0.14225700833594729	0.00000000000000000	0.25199271821230401	0.00000000000000000	0.00000000000000000	0.00000000000000000	0.00000000000000000	0.00000000000000000	0.03736807528835577	0.08350733874889747	0.00501175217810173	0.02217066153150760	0.22548614639479697	0.00261084188709878	0.00714002083934914	0.00000000000000000	0.08500722469517397	0.03163454367141794	0.03646558328046561	0.00200000000000000	0.68122205966699301	0.77412508385947931
Human_P201001T1Pi_S4	0.04730714271146785	0.00000000000000000	0.01384213606283104	0.09863419953408886	0.00000000000000000	0.29431152954461076	0.00000000000000000	0.00000000000000000	0.00000000000000000	0.00000000000000000	0.00909376832149568	0.02077125400080602	0.06590760286127445	0.00000000000000000	0.01439367892811482	0.25633637535408249	0.01000994732146308	0.01564369598431214	0.11082699360483024	0.03958011213071186	0.00000000000000000	0.00334156363991075	0.00200000000000000	0.69849431706481224	0.76976122113771417
Human_P201015T1Pi_TPF_S36	0.03882638719652427	0.00250235094311198	0.00000000000000000	0.15423329889171189	0.00000000000000000	0.19506787430198708	0.00000000000000000	0.00000000000000000	0.00000000000000000	0.00000000000000000	0.00000000000000000	0.05964634305360705	0.13449000171492284	0.00735270373776369	0.01201046668057530	0.13874946288714063	0.00000000000000000	0.00487405009178601	0.00000000000000000	0.16004182373829953	0.00489822296672283	0.08730701379584703	0.00200000000000000	0.70809451939531021	0.74471967639208048
Human_P91009T1Pi_S2	0.02946807243780910	0.00000000000000000	0.01789435586409855	0.09994001028739637	0.00000000000000000	0.19080887119358997	0.00000000000000000	0.00322965143643562	0.01275178866840542	0.00000000000000000	0.01328904691062089	0.03190463988746723	0.05678542640495154	0.04734980094861351	0.05083527312231027	0.29075292219761811	0.00817908535810642	0.00836501982128131	0.13844603546129589	0.00000000000000000	0.00000000000000000	0.00000000000000000	0.00200000000000000	0.73057624335090798	0.75449323744130858
Human_P91209T1Pi_TPF_S8	0.03873207099881297	0.00000000000000000	0.00000000000000000	0.09408730815875342	0.00000000000000000	0.25145207461791663	0.00000000000000000	0.00652574148382973	0.02128972599214411	0.00098836236520284	0.00000000000000000	0.03845983372994898	0.04615221771458600	0.00782920466157992	0.03883404087499116	0.35613112258043922	0.00717673700202153	0.00000000000000000	0.00850681057786886	0.08030826151763046	0.00239803718367164	0.00112845054060255	0.00200000000000000	0.67478202064160309	0.77269936889385893
P100825T1-pi_S3	0.02584328847212526	0.00000000000000000	0.00156425288945594	0.09177857998243442	0.00000000000000000	0.13566638251173621	0.00090748439250471	0.01104546133897778	0.02885537687400282	0.00000000000000000	0.00000000000000000	0.01381050409673379	0.06656042889101307	0.05821503258080072	0.02980850006792388	0.32767348713786432	0.01627712772258885	0.00407734141565528	0.18485805536592262	0.00000000000000000	0.00000000000000000	0.00305869626026034	0.00200000000000000	0.77794532384551995	0.72223247563217363
P101203-pi_S25	0.00931814391519182	0.01208005510518883	0.00082975809212794	0.14935197874676670	0.00000000000000000	0.17607724584025120	0.00000000000000000	0.01636576109139384	0.02629724248562373	0.00000000000000000	0.00000000000000000	0.04047006524809887	0.06626595483175501	0.09246277385436909	0.04226955190858607	0.24571713072125226	0.06589193500852042	0.00000000000000000	0.04772946603266094	0.00000000000000000	0.00000000000000000	0.00887293711821336	0.00200000000000000	0.78486938005265927	0.71629188952712464
P110310T1-pi_S4	0.00747513029189370	0.02141082598536569	0.01422839622058580	0.13134271196588479	0.00000000000000000	0.17035290023107258	0.00158946791061190	0.00353393994853064	0.00000000000000000	0.00000000000000000	0.03493915078799058	0.00000000000000000	0.00000000000000000	0.13840866465984972	0.04746779288440598	0.34449403751661273	0.01154698788343711	0.00000000000000000	0.04494718412877910	0.01250476762661371	0.00000000000000000	0.01575804195836608	0.00200000000000000	0.85392930538733436	0.65682338743383561
P110419T1Pi_S8	0.12367972701202760	0.00000000000000000	0.00000000000000000	0.17495317242450037	0.00000000000000000	0.22390506666914514	0.00000000000000000	0.00318281621952812	0.03112501588280130	0.00000000000000000	0.00000000000000000	0.03383678940527909	0.03380848572395417	0.04873220708471614	0.02764409404743195	0.25101272086517290	0.00216976767422893	0.01491971550298064	0.03036174560452069	0.00000000000000000	0.00066867588371330	0.00000000000000000	0.00200000000000000	0.85038000999005303	0.67085729078795808
P110517T1Pi_S1	0.05071461737677219	0.00000000000000000	0.00696204393678095	0.11904609830567510	0.00000000000000000	0.15698633513032073	0.00000000000000000	0.01085085127337187	0.00000000000000000	0.00000000000000000	0.00000000000000000	0.02982615817753579	0.10239636851561948	0.00000000000000000	0.03922432775189051	0.29649065287818560	0.10326528476194137	0.00000000000000000	0.05506620533272343	0.02917105655918292	0.00000000000000000	0.00000000000000000	0.00200000000000000	0.77324340286645354	0.73116898140647868
P110616T1PiCore_S16	0.06924422084725043	0.00000000000000000	0.00000000000000000	0.12219666688438731	0.00000000000000000	0.24646003484438789	0.00713384714698090	0.00881395746356356	0.01193892187043394	0.01235749151838126	0.00000000000000000	0.03501155469717421	0.03615880557315169	0.06898331029344383	0.06901317468998323	0.18677189677445702	0.04748595446290026	0.01044652730537687	0.05988111572185982	0.00447254106220745	0.00000000000000000	0.00362997884406061	0.00200000000000000	0.82554316216718870	0.69612164056313119
P110818T1Pi_S3	0.00957372036699535	0.01076605664120986	0.00000000000000000	0.11315062739306522	0.00000000000000000	0.19007216836437030	0.00148639249858287	0.00359816210167435	0.01853253888314723	0.00000000000000000	0.00000000000000000	0.03428639501775566	0.03126676141105882	0.08741981645289852	0.02349731112996077	0.28447864759081742	0.06010455417546931	0.00294271581958305	0.12498724072498855	0.00000000000000000	0.00000000000000000	0.00383689142842275	0.00200000000000000	0.75867475803945572	0.73434729898743190
P111007T1-pi_S5	0.04570769022005922	0.00000000000000000	0.00143863071995597	0.12084247102574919	0.00000000000000000	0.33233430447475426	0.01126451805711036	0.00000000000000000	0.00859654151316698	0.00000000000000000	0.00000000000000000	0.01833470313569376	0.06121610664265135	0.00000000000000000	0.02375689072606401	0.25848197398117895	0.01946735889682299	0.01521567336439474	0.07009737840006838	0.00000000000000000	0.00000000000000000	0.01324575884232995	0.00200000000000000	0.85232732561614877	0.67486018022580618
P111012T1Pi_S2	0.00149822906879976	0.01381432838772251	0.00000000000000000	0.06348222007338863	0.00000000000000000	0.20699044330267038	0.00000000000000000	0.00149920824566653	0.01804610660678559	0.00000000000000000	0.00000000000000000	0.02795062851920543	0.04200698828669903	0.09073264132065983	0.04389635463972368	0.26742317510785574	0.06121792768529432	0.05641406930710339	0.05780064337487562	0.03384953237898707	0.00000000000000000	0.01337750369456261	0.00200000000000000	0.75577370819729461	0.73367810619333185
P111118T1Pi_S1	0.02544452605301573	0.00000000000000000	0.00166100276095031	0.07082676211364351	0.00000000000000000	0.14128264955434433	0.00000000000000000	0.01251834290412472	0.00243399792709960	0.03455159481460011	0.00000000000000000	0.03153461357972537	0.00000000000000000	0.18556771895852550	0.04772545555515737	0.33422346385916063	0.01802433316994852	0.00000000000000000	0.01972848803204250	0.04013293837962244	0.00270344922281372	0.03164066311522561	0.00200000000000000	0.81513783494355474	0.66870810174476181
P120105T1Pi_S7	0.03324271210417043	0.00000000000000000	0.00780134248672112	0.12180332008316851	0.00000000000000000	0.12956372168836369	0.00000000000000000	0.01558967774777555	0.02868431858333381	0.00000000000000000	0.00000000000000000	0.03853770782894230	0.05917470961665071	0.05570839456527615	0.03821937984371722	0.30918551841084563	0.03412445820274962	0.00000027504105539	0.10821323849877250	0.01126010608151342	0.00000000000000000	0.00889111921694384	0.00200000000000000	0.81863834079726483	0.70232271869207530
P120113-pi_S26	0.03548600153529909	0.00536950824353245	0.00000000000000000	0.09961609969567954	0.00000000000000000	0.14037719453184458	0.00000000000000000	0.00000000000000000	0.05732363231262144	0.00000000000000000	0.00042544552783288	0.05189793048722112	0.04761220989693208	0.08483225719273112	0.02431535910206457	0.24997807645153924	0.04657805599055908	0.00000000000000000	0.14119281330317104	0.00000000000000000	0.00000000000000000	0.01499541572897174	0.00200000000000000	0.75730618294714758	0.74026543864114192
P120119T1Pi_S4	0.01286879174117915	0.00289765701129405	0.00599421911660788	0.12651132308931326	0.00000000000000000	0.24469872523772807	0.00000000000000000	0.00266442153653241	0.00170127832617258	0.00000000000000000	0.00077737111084134	0.02480453550024879	0.05262880773695004	0.00243009769543166	0.03434990251367377	0.31385931880160844	0.03979712096102633	0.00000000000000000	0.12743470733415749	0.00000000000000000	0.00000000000000000	0.00658172228723479	0.00200000000000000	0.74471177019270318	0.74294944283027942
P120417T1Pi_S6	0.07530016848960666	0.01311818524597010	0.00000000000000000	0.07560501610032241	0.00000000000000000	0.17904631083114647	0.00000000000000000	0.00914160792194395	0.01581523622179419	0.00000000000000000	0.00000000000000000	0.03856308271368199	0.05954031289948559	0.05088712832919225	0.03239360358458489	0.29397841089779719	0.01915792780520126	0.00000000000000000	0.12578763417993674	0.00000000000000000	0.00000000000000000	0.01166537477933643	0.00200000000000000	0.75805986527215563	0.74189537294059960
P120503T1Pi_S3	0.05269734634765374	0.01730895452789488	0.00000000000000000	0.11992777749780793	0.00000000000000000	0.16317537443304916	0.00000000000000000	0.02089242263865374	0.02491619928279220	0.00000000000000000	0.00000000000000000	0.05430565919036825	0.02252260932569568	0.04459101828530718	0.07379210100404612	0.28362699208581954	0.01540246686374099	0.00000000000000000	0.09613258305754341	0.00000000000000000	0.00000000000000000	0.01070849545962700	0.00200000000000000	0.76540709163326570	0.73109706693559273
P120529-pi_S28	0.01365813248143148	0.00000000000000000	0.02728225722903091	0.05787810176047325	0.00000000000000000	0.12550565438844605	0.00000000000000000	0.00078992737650732	0.01341772326449794	0.00000000000000000	0.01253262222159811	0.02358914129244010	0.05564601138239712	0.23607337254509628	0.02996740843257786	0.23998789691190914	0.03505053608923050	0.00000000000000000	0.09745911172405708	0.01949834423739982	0.00000000000000000	0.01166375866290696	0.00200000000000000	0.83701025130616791	0.66534742190278851
P121108T1-pi_S11	0.00891930840179773	0.02870833813358580	0.00000000000000000	0.09288551295636023	0.00000000000000000	0.11643791374231910	0.00000000000000000	0.01455035007096802	0.03014670351094352	0.00000000000000000	0.00000000000000000	0.06070781077798366	0.04111475436136831	0.02027719677155394	0.03213122355881508	0.32216397342041003	0.09617302291714468	0.00000000000000000	0.11290776960263435	0.00000000000000000	0.00000000000000000	0.02287612177411562	0.00200000000000000	0.70369356855826459	0.76740492722128106
P121109T1Pi_S9	0.02980324198259586	0.00000000000000000	0.01264789511140263	0.22599971001190372	0.00000000000000000	0.21383355216335800	0.00723071165750764	0.00258742956797402	0.00000000000000000	0.00000000000000000	0.00000000000000000	0.02633927001728023	0.01192520359636561	0.02652501646688337	0.10310514672664668	0.22605159783010381	0.03196461222049019	0.00000000000000000	0.08198661264748824	0.00000000000000000	0.00000000000000000	0.00000000000000000	0.00200000000000000	0.72732536854275942	0.74163186244689372
P121129T1Pi_S8	0.03948249460808125	0.00000000000000000	0.00965912410302775	0.08817214070489318	0.00000000000000000	0.22103536283990008	0.00559338772152524	0.01939598980185274	0.00000000000000000	0.01785957666738243	0.00388603259966079	0.01089257031999263	0.08908166362656210	0.00000000000000000	0.03315382751053977	0.34642411306003995	0.01510144556392364	0.00458944168641655	0.07311842699160666	0.01441669755162648	0.00241756113951010	0.00572014350345857	0.00200000000000000	0.71534889353367015	0.75960534317881423
P121206T1Pi_S5	0.04753216003173794	0.00000000000000000	0.00974686594592240	0.16977116963909344	0.00000000000000000	0.09885427573878768	0.00566113542560027	0.04779029507207878	0.00000000000000000	0.00000000000000000	0.01280727204988194	0.02579103853989089	0.10250310365255047	0.00000000000000000	0.02296748797176600	0.25667272207328290	0.02534012246841817	0.02172212985452077	0.12212875509815053	0.00000000000000000	0.01255458454429798	0.01815688189401997	0.00200000000000000	0.68676641857624654	0.78265018285020438
P121214T1Pi_S10	0.01841772783522974	0.00724604973161436	0.00121034940126397	0.05814489461261897	0.00000000000000000	0.18895180757127658	0.00000000000000000	0.00000000000000000	0.01491257230707334	0.00000000000000000	0.00000000000000000	0.01220305788162773	0.08437921439520532	0.13381867004706402	0.03404158677363377	0.31596296695399123	0.03123787573863571	0.00000000000000000	0.08287572875203211	0.00000000000000000	0.00000000000000000	0.01659749799873310	0.00200000000000000	0.71436115777596887	0.75102907268306041
P130124T1Pi_S10	0.04313810393361651	0.00000000000000000	0.00318569230953380	0.17415285373515213	0.00000000000000000	0.22702314292410281	0.00000000000000000	0.00000000000000000	0.00578746817690550	0.00000000000000000	0.00000000000000000	0.04401120869075996	0.04642094927441134	0.00000000000000000	0.03221851817121905	0.26060210654713256	0.02117402993937978	0.00557618724750884	0.12471807072626244	0.00356340454694879	0.00000000000000000	0.00842826377706637	0.00200000000000000	0.76783712919684299	0.72755021014821153
P130222T1Pi_S5	0.03970982301741321	0.00000000000000000	0.00286486385870416	0.13724346792861847	0.00000000000000000	0.34979474363428370	0.00000000000000000	0.00464585790517140	0.00000000000000000	0.00000000000000000	0.00000000000000000	0.04551257652528379	0.03739979805361535	0.01661281438083270	0.03545054927225273	0.21336186525546474	0.04757846424512688	0.00003218033639942	0.02386591254238148	0.04145827789868585	0.00000000000000000	0.00446880514576615	0.00200000000000000	0.77026033202056199	0.71451623353589011
P130327T1Pi_S9	0.04420118813874053	0.00000000000000000	0.02671339786534427	0.08457077439807319	0.00000000000000000	0.15576584531774054	0.00395771522963590	0.01579632727667122	0.00461642789468337	0.00823029409516769	0.02897013512572293	0.00718418457980084	0.14566263606881910	0.00000000000000000	0.02817944297965847	0.28072109525610744	0.00847768521474086	0.02304080793399824	0.08270262309788824	0.02594524042555560	0.00326151481691060	0.02200266428474085	0.00200000000000000	0.76007835598129081	0.74264052480571108
P130328T1-pi_S2	0.00909146160307585	0.01998341140539355	0.00000000000000000	0.08830404286126756	0.00000000000000000	0.20861179691159734	0.00000000000000000	0.00167680634777401	0.00729785654756795	0.00000000000000000	0.00000000000000000	0.03843298698347702	0.05212801209491940	0.07212282515044589	0.02583492658753714	0.32668166113174857	0.04348630179575750	0.00783537595559218	0.07030189762344385	0.00756072024580743	0.00000000000000000	0.02064991675459479	0.00200000000000000	0.77874631589736898	0.71841912213553927
P130411T1Pi_S11	0.01599302213932387	0.00000000000000000	0.00460266286850720	0.06344361982958149	0.00000000000000000	0.19702331721686314	0.01492122157017171	0.00000000000000000	0.00000000000000000	0.00463461003116526	0.00000000000000000	0.01786160363545415	0.12363949907089518	0.03021141771155702	0.03347457337076269	0.35781593403098683	0.01062873155827701	0.00000000000000000	0.08507216559620137	0.01890493445858131	0.00000000000000000	0.02177268691167179	0.00200000000000000	0.70399448218238958	0.76052381133879232
P130417T1Pi_S6	0.02822101470386447	0.00209232238161251	0.01668955955394402	0.05117555943934790	0.00000000000000000	0.22229787919728089	0.00178512965001845	0.00000000000000000	0.00641414175043580	0.00000000000000000	0.00000000000000000	0.02041930801381178	0.07263981320545505	0.03452395643345898	0.06365031494322605	0.27061636375111997	0.04516491701456942	0.00570811596622459	0.14755070663597564	0.00000000000000000	0.00000000000000000	0.01105089735965442	0.00200000000000000	0.74845620388944212	0.74857971682043922
P130425T1-pi_S1	0.05347369309705941	0.04240402779098694	0.00000000000000000	0.15356751197724078	0.00000000000000000	0.17330031737063806	0.00000000000000000	0.02727834969207890	0.03972111099084843	0.00514422778728900	0.00000000000000000	0.02299077226307471	0.02172425282839034	0.06576349764252648	0.03096334141212902	0.23866976966227260	0.01636486716088225	0.00202134157187669	0.10165795275101058	0.00000000000000000	0.00000000000000000	0.00495496600169590	0.00200000000000000	0.82004389130199196	0.70470628844222372
P130502T2Pi_S7	0.07568615264377403	0.00000000000000000	0.02544288346460580	0.11127085984538922	0.00000000000000000	0.12710077369219186	0.01887853129336292	0.03073636049175934	0.01349225702402852	0.00002358736958050	0.02316855395962373	0.00811423960807845	0.05980786417000888	0.00113193446865463	0.02035574731371241	0.28409159808245160	0.02370022816155581	0.00970952833796796	0.13608584637233176	0.01589851146947699	0.00590582938812751	0.00939871284331813	0.00200000000000000	0.69976640474395668	0.77950714733000925
P130508T1Pi_S12	0.08955262050182053	0.05729109168039925	0.00000000000000000	0.10754889091972342	0.00000000000000000	0.17027282554140716	0.00000000000000000	0.01092608303414829	0.00052060208860364	0.00008322045428153	0.00000000000000000	0.03213398391189773	0.03038203512056761	0.12761049630673230	0.01794520182262182	0.26792509015529781	0.00000000000000000	0.00516714971248557	0.05543983976526652	0.00401055791913871	0.00140268979683780	0.02178762126877030	0.00200000000000000	0.84215309144919248	0.68387276965556631
P130523T1Pi_OR_S11	0.03087998287057776	0.00000000000000000	0.01207629367257999	0.16788659848351969	0.00000000000000000	0.21565710676924840	0.01628395629594648	0.01986039834808070	0.00240586883274121	0.00000000000000000	0.00000000000000000	0.01894594884997584	0.04203253230064057	0.02296211056224887	0.05882714601694129	0.27082162627600637	0.01929655478849581	0.00000000000000000	0.06897567830743687	0.02091164685709768	0.00000000000000000	0.01217655076846256	0.00200000000000000	0.79661096603757264	0.71212189279468308
P130605T1Pi_S14	0.02918542781931573	0.01892047174666119	0.00000000000000000	0.15258627529213248	0.00000000000000000	0.27485050917143605	0.01992612944271805	0.01699337079480834	0.00000000000000000	0.00000000000000000	0.00000000000000000	0.02641989414427246	0.01183770016006574	0.03876921192812836	0.09779109670868651	0.23995263550227133	0.01163273483596744	0.00000000000000000	0.05484540318409630	0.00244441264598199	0.00000000000000000	0.00384472662345802	0.00200000000000000	0.74623055129730331	0.73083923605186263
P130607T1Pi_S1	0.01522866754751586	0.00083457879120063	0.00447907769925372	0.13165739807656310	0.00000000000000000	0.31099952759424793	0.00000000000000000	0.00000000000000000	0.00044297005996014	0.00000000000000000	0.05802535251323641	0.00220677637240459	0.10546574722541459	0.06150149230106157	0.01924498615645609	0.22720235286799731	0.00683112217882666	0.01728711991395206	0.02353633214472083	0.00316118218785147	0.01118020701989376	0.00071510934944320	0.00200000000000000	0.75776268831856552	0.72524985829610844
P130614T1Pi_S2	0.08311070093065794	0.05318323482346059	0.00000000000000000	0.12919029364213397	0.00000000000000000	0.20743370999816871	0.00000000000000000	0.02215096232154780	0.03591404272143820	0.00000000000000000	0.00000000000000000	0.01577323896189675	0.00915272860643722	0.07504625073006536	0.05433415746402286	0.18767691681289153	0.01831797057418201	0.00000000000000000	0.09882895059595918	0.00161486938787158	0.00000000000000000	0.00827197242926620	0.00200000000000000	0.73421918024919386	0.75409327357064337
P130905-pi_S31	0.00144172412845694	0.00846814736672298	0.00361422639659704	0.07941232135114630	0.00000000000000000	0.19858389928736805	0.00000000000000000	0.00808878756489227	0.03186926254490505	0.00000000000000000	0.02018022582671981	0.01084690677325085	0.06695475185445886	0.06770673863666382	0.06303720686493791	0.27152122829935044	0.05513760085455753	0.01820486793087081	0.08755815594039265	0.00000000000000000	0.00000000000000000	0.00737394837870872	0.00200000000000000	0.71385837715704381	0.76197789513505465
P140529-pi_S18	0.11901182509844105	0.00000000000000000	0.00000000000000000	0.07200599800676333	0.00000000000000000	0.18724843087734111	0.00000000000000000	0.02266771415493114	0.01336592177267953	0.00000000000000000	0.00000000000000000	0.03286349869883166	0.00881425731882348	0.21610706906900465	0.04399395985808782	0.21140682594404853	0.00000000000000000	0.00362446076805580	0.00632851262428462	0.04268669437274658	0.01294308683746036	0.00693174459850041	0.00200000000000000	0.75981510601424040	0.71967710821539166
P140626T1Pi_S10	0.01444079872954773	0.00664183768874298	0.00464318472856592	0.07874977063916910	0.00000000000000000	0.15707886461857151	0.00042805792711069	0.00566441948493917	0.03441901554150952	0.00000000000000000	0.00000000000000000	0.03266368377180823	0.01551391827253927	0.09184664760694962	0.02575482303639470	0.26062612935590568	0.06649452793862048	0.00119263544936546	0.13824858843765978	0.00000000000000000	0.00352408145185834	0.06206901532074187	0.00200000000000000	0.70139942061456073	0.76796947525796022
P140710T2Pi_OR_S12	0.11853650726028526	0.01471743591243505	0.00000000000000000	0.16956454203969767	0.00000000000000000	0.19856810683829049	0.00000000000000000	0.01393512490231365	0.00000000000000000	0.00000000000000000	0.00000000000000000	0.03357001148712825	0.01591422276767046	0.07130952894335879	0.04311757495647541	0.20715758066965673	0.02500516725465089	0.00000000000000000	0.06440766310480447	0.01266612040223295	0.00000000000000000	0.01153041346099972	0.00200000000000000	0.78458173326879377	0.72037075283974150
P140711T1PiCore_S2	0.02883876838103664	0.00000000000000000	0.00630539583821842	0.09202262939388202	0.00000000000000000	0.18942481483358795	0.00000000000000000	0.00622819268627220	0.05467295562135149	0.00000000000000000	0.00000000000000000	0.03233666378663740	0.01648743215099746	0.12010400704137053	0.03443141849493989	0.32031499749573727	0.01310477601258946	0.00793651352508335	0.06895597717771382	0.00000000000000000	0.00000000000000000	0.00883545756058228	0.00200000000000000	0.76135897683080167	0.72535405459619862
P140807T1PiCore_S3	0.02817453542460766	0.03490734729440219	0.00000000000000000	0.18270420078969613	0.00000000000000000	0.26249716558905756	0.00000000000000000	0.01922378334210715	0.01621429142905078	0.00000000000000000	0.00000000000000000	0.05736045580030846	0.01117575335855812	0.01973583341995474	0.07724649695243412	0.20956261840820120	0.02921514345030148	0.00000000000000000	0.02646174373723199	0.01985653345647895	0.00000000000000000	0.00566409754760933	0.00200000000000000	0.68489246317751173	0.76304791620050816
P140904T1Pi_S3	0.18095834581426928	0.04503001811296840	0.00000000000000000	0.18422412195820689	0.00000000000000000	0.21598100624255592	0.00000000000000000	0.05910864027841418	0.00775347380638122	0.00000000000000000	0.00000000000000000	0.04175666073202876	0.01109113510129028	0.03693011012224525	0.02311871941057059	0.11562131965114407	0.00000000000000000	0.00701344133829039	0.07141300743163473	0.00000000000000000	0.00000000000000000	0.00000000000000000	0.00200000000000000	0.81317998902013555	0.68588896593437809
P141009T1-pi_S14	0.07694036224657577	0.00000000000000000	0.01314906006540599	0.09311586028969289	0.00000000000000000	0.14858722075628739	0.00546915722348110	0.03191344941916369	0.01230920616958924	0.00771151809683682	0.00000000000000000	0.06041865951360268	0.03061194154998944	0.00000000000000000	0.04528641900126450	0.29037306795241430	0.03148819692651993	0.00915229582610613	0.13486925712733963	0.00000000000000000	0.00000000000000000	0.00860432783573042	0.00200000000000000	0.75337408656316307	0.74606799155094028
P141204T1Pi_S8	0.00500595247377673	0.02137538436894698	0.00764300686710169	0.08993447453859141	0.00000000000000000	0.25414202218073179	0.00000000000000000	0.00000000000000000	0.02350146448415118	0.00000000000000000	0.00000000000000000	0.01770229475315977	0.07031782689825550	0.03212490911620416	0.03865280122504743	0.26151558207127840	0.08136532012300457	0.00964018698037356	0.07891598976618511	0.00733426274328646	0.00000000000000000	0.00082852140990539	0.00200000000000000	0.83687255507516589	0.69723588842438422
P141205T1Pi_S9	0.02105898304795964	0.00000000000000000	0.00176264022876999	0.06790856015154205	0.00000000000000000	0.16280334853896247	0.00000000000000000	0.00200182750642709	0.00454505480457899	0.00000000000000000	0.00000000000000000	0.04374999855864784	0.08844220247742936	0.09211575844284106	0.03567029804138599	0.32980415911119665	0.02164182384750784	0.00000000000000000	0.09444269347635165	0.00761634360918382	0.00325020745295562	0.02318610070426005	0.00200000000000000	0.76922429141037685	0.72051911070504460
P150129T1Pi_S10	0.09570445600022592	0.00000000000000000	0.00000000000000000	0.06988008221775005	0.00000000000000000	0.25383213117888936	0.00073620274568326	0.00633472586266246	0.02804171978233226	0.00000000000000000	0.00000000000000000	0.01422720499219487	0.09636646823569478	0.00000000000000000	0.01979888151114762	0.28098735143246562	0.01694160639246474	0.03678018506199251	0.05685540844570106	0.00000000000000000	0.00000000000000000	0.02351357614079533	0.00200000000000000	0.82478973590988913	0.70431649376833416
P150417T1Pi_S11	0.03596856120512626	0.00000000000000000	0.00427925075472014	0.08388586178734767	0.00000000000000000	0.12744583693300307	0.00000000000000000	0.00759487213194190	0.00644679116190893	0.00000000000000000	0.00000000000000000	0.02998688379737390	0.08946379867573348	0.03243220376528001	0.04079545736642092	0.34948806720963527	0.04484651777044232	0.00945741289189896	0.13307068599966848	0.00145141769013634	0.00000000000000000	0.00338638085936243	0.00200000000000000	0.82766351421233597	0.69391970986121809
P150424T1Pi_S12	0.06693963249478443	0.08679225130365152	0.00000000000000000	0.07028194039443295	0.00000000000000000	0.14471875444032428	0.00000000000000000	0.00707034887245701	0.01156905760707819	0.00000000000000000	0.00000000000000000	0.04600707593782456	0.04597797530304969	0.06606828175184687	0.02531894643092918	0.31352057183835585	0.02484082620004824	0.00107719615832906	0.07978866670347561	0.00000000000000000	0.00000000000000000	0.01002847456341257	0.00200000000000000	0.75018264336433083	0.74402365289031791
P150806T1Pi_S5	0.08079855211515145	0.02605888289142008	0.00000000000000000	0.13328321605939153	0.00000000000000000	0.26740080815445610	0.00000000000000000	0.00284590087368437	0.00556422979192158	0.00000000000000000	0.00000000000000000	0.05657927532564746	0.02620159040628506	0.02833234349681854	0.04319675243061906	0.24392764721036789	0.01316169831462552	0.00417045109238565	0.04739283083045331	0.01237746540012395	0.00000000000000000	0.00870835560664829	0.00200000000000000	0.72320761516492882	0.74994485904082464
P160121T1Pi_S14	0.03900154711175199	0.00000000000000000	0.01112592618269185	0.14812036986324337	0.00000000000000000	0.34206819559696866	0.00000000000000000	0.00000000000000000	0.00000000000000000	0.00000000000000000	0.00012916152534887	0.00144169944633734	0.05124611544220771	0.00132218404057952	0.07705390904465190	0.24521076106470779	0.00218663429285875	0.00374329678666781	0.07215196710314908	0.00406441561553345	0.00000000000000000	0.00113381688330186	0.00200000000000000	0.78346465649682462	0.71000112579016372
P160608T1Pi_S15	0.02071153711197986	0.00000000000000000	0.00000000000000000	0.06277109267796829	0.00000000000000000	0.16643088304982642	0.00000000000000000	0.00054913507327512	0.00863126306557289	0.01648558868534284	0.00000000000000000	0.03678156110701693	0.07776504590297008	0.11729881658538380	0.02962951425458903	0.30325851564720036	0.09004269116369018	0.00000000000000000	0.03493035802071411	0.02587160759819116	0.00000000000000000	0.00884239005627888	0.00200000000000000	0.81905856188642601	0.68513945166022538
P161207T1Pi_TPF_S13	0.00428650528961741	0.00065689159748415	0.00446278457333586	0.10741880427177722	0.00000000000000000	0.11296885823359991	0.05299335926896977	0.00622371679274990	0.02553546377476979	0.00014219023146042	0.00000000000000000	0.01013059968406372	0.01485223929151913	0.05746315375924565	0.02723613124325628	0.32052712716370901	0.04926034125216375	0.02929001020558419	0.09392785051328746	0.03182586850948366	0.00235630686378108	0.04844179748014149	0.00200000000000000	0.74394902569050148	0.74364958726232055
P90515-pi_S21	0.00095944143750737	0.06047497136402127	0.00000000000000000	0.08754732917067772	0.00000000000000000	0.20834117416409165	0.00000000000000000	0.00000000000000000	0.04022482337516233	0.00000000000000000	0.03109425382660590	0.01199124340671137	0.14252363682322433	0.06890147108234575	0.01501730150985153	0.24566712121207218	0.02533957988409575	0.00960371851614145	0.03394924050119911	0.00000000000000000	0.00637759783141292	0.01198709589487925	0.00200000000000000	0.76961498663194361	0.73047455307352194
PancT6Pi_S15	0.03051150627902319	0.00000000000000000	0.00450296763805219	0.08594347467123624	0.00000000000000000	0.15174301559417522	0.00000000000000000	0.00612111902976634	0.01097476887540656	0.00000000000000000	0.00000000000000000	0.11112781663287982	0.01042405614911613	0.16061182855819597	0.04051181885375379	0.18409538023561697	0.00645502916567507	0.07665259612890264	0.12032462218819988	0.00000000000000000	0.00000000000000000	0.00000000000000000	0.00200000000000000	0.51744883003944708	0.85814290474830601
Human_P101119T1Pi_808_S2	0.01678244848630627	0.00944113869416985	0.01699080038867492	0.07317980002989051	0.00000000000000000	0.26945327898325905	0.00000000000000000	0.00000000000000000	0.00236243202537275	0.00000000000000000	0.08372425430139746	0.00000000000000000	0.08706297816970479	0.04506933841389423	0.02811041447624887	0.27843154013279686	0.01737326312323209	0.01811115487201486	0.05146176302870553	0.00178420769883485	0.00000000000000000	0.00066118717549695	0.00200000000000000	0.60994831273919659	0.81510709514728508
Human_P170922T1Pi_S3	0.01106255704393342	0.00006963299754530	0.00199177275180914	0.04088540931685593	0.00000000000000000	0.14039464858370174	0.00000000000000000	0.01055508314377367	0.00100830574071662	0.00000000000000000	0.00000000000000000	0.03749034539795147	0.04151562440499035	0.06513993456427436	0.02368245284396643	0.40823381091506739	0.03221668988785448	0.02309121988518516	0.15012348395442607	0.00000000000000000	0.00000000000000000	0.01253902856794856	0.00200000000000000	0.67715298571019777	0.77015523388255092
Human_P180525T1Pi_OR_7058_S3	0.06931430936765702	0.00000000000000000	0.07317077706090215	0.11055786244284296	0.00000000000000000	0.14056198721211877	0.00000000000000000	0.06791955769904727	0.01533377548420279	0.00000000000000000	0.02692091307267265	0.03023360103709038	0.05127879626874900	0.00000000000000000	0.02292507474678045	0.21571891244466043	0.03373325778457718	0.02332308747904905	0.10418169158309669	0.00503610556829889	0.00908673455744440	0.00070355619080990	0.00200000000000000	0.59150059464426386	0.83356200750122378
Human_P180622T1Pi_S2	0.01057009817574244	0.00000000000000000	0.00000000000000000	0.09999266202857016	0.00000000000000000	0.16402328715883416	0.00000000000000000	0.01625672681733489	0.02040253619810975	0.00718972453429349	0.00000000000000000	0.06157600662722523	0.02891502692224649	0.09289630358032276	0.01068230683464568	0.29096574840148121	0.06874589856890170	0.04006387752998285	0.04538321636777394	0.00856211335664266	0.02853204206610928	0.00524242483178347	0.00200000000000000	0.82278629998593966	0.68988051960455365
Human_P190207T1Pi_TPF_S1	0.07246703015182554	0.00000000000000000	0.00325848321426352	0.16160140705002468	0.00000000000000000	0.31723251812025610	0.00000000000000000	0.00000000000000000	0.00008007907012624	0.03325060397686132	0.00000000000000000	0.04938368594018543	0.03877944347742280	0.00000000000000000	0.01541330906111833	0.17394802722212799	0.00639273041340822	0.01349508802021702	0.07786583252716175	0.02445866486722144	0.00000000000000000	0.01237309688777968	0.00200000000000000	0.62289385493248439	0.79948924262493204
Human_P190221T1Pi_S1	0.05605809575527317	0.00000000000000000	0.00435622729038381	0.11513892810256204	0.00000000000000000	0.22635141367528003	0.00000000000000000	0.00475881322216173	0.00000000000000000	0.00000000000000000	0.00000000000000000	0.03217647762576815	0.04518396979453996	0.02390587494404695	0.04601297940778296	0.31467267559487816	0.01734933285518640	0.00033583639359863	0.09141276607997970	0.01729328266766442	0.00000000000000000	0.00499332659089384	0.00200000000000000	0.73305987157052299	0.74937640081232748
Human_P190325T1Pi_S2	0.02834896268593702	0.00148082603173471	0.00000000000000000	0.07513491121014729	0.00000000000000000	0.32191323347324946	0.00676826671819674	0.00000000000000000	0.00000000000000000	0.00000000000000000	0.02732106168074565	0.00000000000000000	0.01836693494910276	0.08882301260231155	0.03419187912094316	0.25674846329947465	0.05509425201048369	0.00000000000000000	0.08495258876820716	0.00000000000000000	0.00000000000000000	0.00085560744946599	0.00200000000000000	0.72567081358764385	0.75165996277076552
Human_P190702T1Pi_S3	0.06217602708093212	0.00000000000000000	0.00000000000000000	0.07778873007844908	0.00000000000000000	0.26535956724102666	0.00000000000000000	0.00000000000000000	0.00000000000000000	0.00000000000000000	0.00000000000000000	0.01302358535969622	0.05793323164773891	0.00000000000000000	0.01966694937750254	0.30557815064111160	0.00184843208874934	0.00789458012961929	0.12813623658444334	0.05770629731214438	0.00000000000000000	0.00288821245858642	0.00200000000000000	0.61502932016342526	0.81133728114713266
Human_P190719T1Pi_S4	0.10537925451925739	0.00000000000000000	0.00000000000000000	0.16909823031081334	0.00000000000000000	0.22536143994769942	0.03459258707727520	0.00000000000000000	0.00218304931954224	0.00000000000000000	0.03154651498625853	0.00000000000000000	0.01871053743634123	0.13111007342249387	0.02312105859301156	0.19995467585596921	0.00027431518392957	0.01213758291103305	0.01213752606639833	0.01808815480406022	0.00000000000000000	0.01630499956591692	0.00200000000000000	0.81269552682087465	0.69456589276074576
Human_P191108T1Pi_S5	0.06630207955475786	0.01559150556481419	0.00342036740695875	0.21195415863573983	0.00000000000000000	0.30925996675606898	0.00261090558879533	0.00000000000000000	0.00000000000000000	0.04710279225676780	0.00000000000000000	0.01341771745604202	0.01607107372909350	0.00000000000000000	0.03037104454501610	0.20638527501567513	0.01935963417671440	0.01320697468214618	0.02781226277373155	0.00587221942101912	0.00980238126061823	0.00145964117604115	0.00200000000000000	0.80857795896440332	0.67920695400473674
Human_P220505T1Pi_S55	0.02245821908412212	0.00000000000000000	0.00000000000000000	0.28184843919437252	0.00000000000000000	0.01423154163803761	0.01079629196262480	0.04214736760862092	0.06555945090526590	0.00000000000000000	0.00000000000000000	0.06299414093016567	0.00927862408996518	0.07028272345583590	0.06161617007110687	0.24752918555264555	0.00747842809453431	0.00000000000000000	0.00000000000000000	0.10189040462615179	0.00000000000000000	0.00188901278655100	0.00200000000000000	0.74407502663791047	0.72085507248060954
Human_P201119T1Pi_S167	0.12149873666982286	0.00000000000000000	0.02489889964766607	0.15392818053496549	0.00000000000000000	0.32773228495990719	0.00000000000000000	0.00000000000000000	0.00000000000000000	0.00000000000000000	0.00000000000000000	0.02959423767260167	0.03319902243072868	0.00000000000000000	0.01442001263624389	0.18383974419318802	0.00718501163528835	0.01690093275875591	0.07214776951148305	0.00881721676739889	0.00000000000000000	0.00583795058195012	0.00200000000000000	0.77323055712260702	0.71906674342404975
Human_P220519T1Pi_S172	0.03552312424133675	0.00000000000000000	0.00308308217156933	0.08009948142826312	0.00000000000000000	0.25687962198998010	0.00467213587466244	0.00520561818305362	0.00000000000000000	0.00000000000000000	0.04287035511464300	0.00000000000000000	0.11366866294509813	0.06312136185961671	0.01103281755738129	0.29931252369701966	0.00721126588778651	0.00723422286475388	0.00000000000000000	0.04139585722042441	0.02868986896441112	0.00000000000000000	0.00200000000000000	0.57575446995440993	0.82989315464998792
Human_P220607T1Pi_S173	0.04024959636601108	0.00000000000000000	0.00694954762679012	0.10310384277609844	0.01612641236296513	0.32105861762915855	0.02138038694322963	0.00000000000000000	0.00000000000000000	0.00000000000000000	0.01814244850832269	0.00218977112901178	0.08587431960373738	0.04303329050854280	0.02295184287833455	0.22604165701362636	0.00913015374773741	0.01972912490511737	0.04655592579684648	0.00092756670994749	0.00373952437860048	0.01281597111592181	0.00200000000000000	0.79406480449371175	0.71328918540289354
Human_P220609T1Pi_S175	0.01548117743525573	0.00000000000000000	0.01585309070159411	0.10302334040873623	0.00000000000000000	0.21753551231740323	0.00000000000000000	0.00401407004091757	0.00000000000000000	0.00000000000000000	0.02138044188571099	0.01282464086147127	0.01244181998849331	0.23472362965085822	0.01649807030206632	0.26987044054096287	0.00902234150350346	0.00000000000000000	0.03928394605151943	0.02788429111434694	0.00000000000000000	0.00016318719716042	0.00200000000000000	0.83718692123304805	0.65616655495182341
Human_P220804T1Pi_S177	0.01752878931415770	0.00000000000000000	0.00316665909593759	0.04668298462530056	0.00000000000000000	0.15077299571175340	0.00000000000000000	0.00836207268372991	0.00000000000000000	0.00000000000000000	0.00000000000000000	0.02468800710183526	0.03156164663498835	0.18781151925363845	0.00999330071484857	0.38993536675446117	0.01197189856698776	0.03510338197816512	0.00000000000000000	0.05873701097372944	0.02203664236994682	0.00164772422051984	0.00200000000000000	0.74888649134560148	0.70731429303694116
Human_P191121T2Pi_a_S5	0.02412607352995234	0.00000000000000000	0.00000000000000000	0.09011530053791034	0.00000000000000000	0.18708488480518515	0.00000000000000000	0.00000000000000000	0.00032249404327090	0.00000000000000000	0.00000000000000000	0.03165837087647620	0.06218977148443029	0.00337088982795658	0.06539660970543301	0.33565923065393227	0.04024307524102878	0.00000000000000000	0.15983329929442414	0.00000000000000000	0.00000000000000000	0.00000000000000000	0.00200000000000000	0.73493465265585478	0.74738727286730866
Human_P220127T1Pi_S24	0.01647251735736352	0.01202575404447264	0.00221434754279666	0.04201516908677483	0.00000000000000000	0.24683690524173627	0.00000000000000000	0.03780454335395579	0.04070220298198411	0.00000000000000000	0.00000000000000000	0.01304753441189729	0.04589182880788570	0.15510113090338920	0.07153087824352665	0.26520719555234679	0.01903692222239801	0.00262365239000688	0.02742596575439127	0.00000000000000000	0.00000000000000000	0.00206345210507444	0.00200000000000000	0.72636789953518710	0.74247118183303806
Human_P211209T1Pi_S28	0.00900902366061776	0.01167152572971504	0.00000000000000000	0.16914512020665706	0.00000000000000000	0.15409104309096133	0.00000000000000000	0.01416284317694085	0.00087059073164254	0.02752764325047604	0.00000000000000000	0.07030823707339655	0.01850436998261710	0.11422201405057734	0.04082217230391036	0.30770816310067295	0.02399707164455558	0.00000000000000000	0.03738792625851567	0.00000000000000000	0.00000000000000000	0.00057225573874380	0.00200000000000000	0.68267087119227898	0.76250280269439374
Human_P210923T1Pi_9001_S36	0.04896000133801793	0.00000000000000000	0.00067829745441504	0.14243918057957314	0.00000000000000000	0.20286223983109242	0.00207674583970670	0.00998235978641615	0.00685260025549354	0.02860825651456563	0.00000000000000000	0.01702544387562381	0.04245826358139126	0.00929546659864460	0.01941474604729851	0.28924253637697905	0.01428921510021819	0.02861101578722087	0.12825166700749330	0.00359135311093534	0.00000000000000000	0.00536061091491443	0.00200000000000000	0.68846220290748661	0.77534255579103717
Human_P220106T1Pi_S197	0.05249212817001905	0.08399019541804990	0.00000000000000000	0.18723992380527146	0.00000000000000000	0.31540809939596076	0.00816188790249297	0.00000000000000000	0.00000000000000000	0.00000000000000000	0.00000000000000000	0.01979070331376312	0.02385824132557874	0.02472658433960564	0.02852108330407717	0.16344097912971328	0.01977993789434807	0.04299833467690714	0.00610286204254303	0.01261986152097060	0.00585052039054459	0.00501865737015466	0.00200000000000000	0.84334751728746993	0.66635061843095400
