Mixture	B cells naive	B cells memory	Plasma cells	T cells CD8	T cells CD4 naive	T cells CD4 memory resting	T cells CD4 memory activated	T cells follicular helper	T cells regulatory (Tregs)	T cells gamma delta	NK cells resting	NK cells activated	Monocytes	Macrophages M0	Macrophages M1	Macrophages M2	Dendritic cells resting	Dendritic cells activated	Mast cells resting	Mast cells activated	Eosinophils	Neutrophils	P-value	Correlation	RMSE
Dijk_ERR2603466	0.00492248351393965	0.00000000000000000	0.00000000000000000	0.16562146904849953	0.00000000000000000	0.17126686217196091	0.02591368039627297	0.00000000000000000	0.01990649754502436	0.00000000000000000	0.03092903482543576	0.01395312713452234	0.00839172919326324	0.10184906797181033	0.11820940653703277	0.16705339477568765	0.06278295159862050	0.03540297551002373	0.04950614267629340	0.00000000000000000	0.00253639103565865	0.02175478606595418	0.00000000000000000	0.67255523903963244	0.77294677057549788
Dijk_ERR2603467	0.03150035441520291	0.00000000000000000	0.01203646987417795	0.08535783650347464	0.00000000000000000	0.22073973141595787	0.00000000000000000	0.01574662414608135	0.03814992605333600	0.00000000000000000	0.01727853648567527	0.01479538048293483	0.00272650848317690	0.07186142168778167	0.05204730871333885	0.21312937475043839	0.02241696512735896	0.03006037116742386	0.14662754433284095	0.00000000000000000	0.00988464398037586	0.01564100238042383	0.00000000000000000	0.77561919617255426	0.73325734358244277
Dijk_ERR2603468	0.04728052888890479	0.00460783200232353	0.00000000000000000	0.05941652694211078	0.00000000000000000	0.20863196822072910	0.03697284374472763	0.04876033028907403	0.01992715231596807	0.00000000000000000	0.02746872991477041	0.00000000000000000	0.00238486062075563	0.08533897740732345	0.10191722004575629	0.17544398873388442	0.06816100750042581	0.00000000000000000	0.10555295095672737	0.00000000000000000	0.00000000000000000	0.00813508241651861	0.00000000000000000	0.82191081767518448	0.70708561328247854
Dijk_ERR2603469	0.03052067833662233	0.00000000000000000	0.01359267327288883	0.01665429868749383	0.00000000000000000	0.24635094486473810	0.00000000000000000	0.01912727562620448	0.03036736139169885	0.00000000000000000	0.03347533947664921	0.00000000000000000	0.00000000000000000	0.20144697782058779	0.03222646255259701	0.14962690190030964	0.00903680014355419	0.00000000000000000	0.00000000000000000	0.09662769053055736	0.00000000000000000	0.12094659539609845	0.00000000000000000	0.82100275408313028	0.67323754956081949
Dijk_ERR2603470	0.01901968405354243	0.00598210295671809	0.00072280974209232	0.11404960084826150	0.00000000000000000	0.13302651149654215	0.00000000000000000	0.05903785427740491	0.06032596166281080	0.00000000000000000	0.01271034833262339	0.01819049877873438	0.00790266639754796	0.14781400844255058	0.09276424468659325	0.19087306169096829	0.03646422968134187	0.00000000000000000	0.08594782572450713	0.00000000000000000	0.00139815032991852	0.01377044089784223	0.00000000000000000	0.67201269485333770	0.77965456681968270
Dijk_ERR2603471	0.01103635259430784	0.00092868350442297	0.00343991966458915	0.05241712606740478	0.00000000000000000	0.19600243164649150	0.01235128473763465	0.00682897862259611	0.02063624930020770	0.00000000000000000	0.02088543076444693	0.00000000000000000	0.08012851570943864	0.10391294204405696	0.02012824335036689	0.25753167570108437	0.03169689098263079	0.00966474543275830	0.12488795079848143	0.00000000000000000	0.04615141285110316	0.00137116622797756	0.00000000000000000	0.76458223009835802	0.73710129169114569
Dijk_ERR2603472	0.00000000000000000	0.00097867887838532	0.00000000000000000	0.04540279548711656	0.00000000000000000	0.16988821188324310	0.00323852193950431	0.01184059685963095	0.00018439895169109	0.00000000000000000	0.02809183464625645	0.00000000000000000	0.00589321311865463	0.24097225336662748	0.02684289667042988	0.35075066333773097	0.00772894166896361	0.00000000000000000	0.06565961179337741	0.00000000000000000	0.02968902200117382	0.01283835939721437	0.00000000000000000	0.78794294292472133	0.68017613714747238
Dijk_ERR2603473	0.04590284807868900	0.01528926450588076	0.00000000000000000	0.02575971472762213	0.00000000000000000	0.21282430570421018	0.00357487110648797	0.02936368602511379	0.02536925460774291	0.00601461936947188	0.02215241996905086	0.00000000000000000	0.02180591889141270	0.11500028595623892	0.02759249345901632	0.21060356887227691	0.06159271272984565	0.05339678947559271	0.05076384525899454	0.05403586905384404	0.00915802666725602	0.00979950554125261	0.00000000000000000	0.81588095664291416	0.70873290737298766
Dijk_ERR2603474	0.00407410481512636	0.00072528317888090	0.00000000000000000	0.03114422801396334	0.00000000000000000	0.08644774525437357	0.01715845915720875	0.00000000000000000	0.02157816919376001	0.00238962426657291	0.02861524943681869	0.00000000000000000	0.00000000000000000	0.11305695677285939	0.02220855921867371	0.31853915933718285	0.12029581711560879	0.01784770022089787	0.09125795043528973	0.00000000000000000	0.02809877805290894	0.09656221552987442	0.00000000000000000	0.67331513698455392	0.76964724476393176
Dijk_ERR2603475	0.05050911593489012	0.00000000000000000	0.00000000000000000	0.06988300479276063	0.00000000000000000	0.13281843740042390	0.02558205327091541	0.06283120920550933	0.03310990681000932	0.02568334914641477	0.00000000000000000	0.01997982791642063	0.00000000000000000	0.05488894023593474	0.10555129617252940	0.20488245514713255	0.07875180059949448	0.00000000000000000	0.09246305912970024	0.00000000000000000	0.00000000000000000	0.04306554423786457	0.00000000000000000	0.65060802161707354	0.79768939122600369
Dijk_ERR2603476	0.04029272816008714	0.00000000000000000	0.00585788129271591	0.14140906188970162	0.00000000000000000	0.29557019772584514	0.00000000000000000	0.02127968334288429	0.03309335039589427	0.00000000000000000	0.02232001990139784	0.00695779193626636	0.00938439585303917	0.02025392120519923	0.06739181568412712	0.14297319604909570	0.01362202865076650	0.01433036499905014	0.16070926525859258	0.00000000000000000	0.00000000000000000	0.00455429765533713	0.00000000000000000	0.71244508591931222	0.75426982208550408
Dijk_ERR2603477	0.10341912934947042	0.00000000000000000	0.02231794411703428	0.01125342290821935	0.00000000000000000	0.36830961823162500	0.00000000000000000	0.00191772814882811	0.00396224642281752	0.00000000000000000	0.01925638760911106	0.00000000000000000	0.03105029496724579	0.00000000000000000	0.02218940826058067	0.28252193759545752	0.03783226890871579	0.02688301641073170	0.00476808203593727	0.03784240201039360	0.00000000000000000	0.02647611302383181	0.00000000000000000	0.30977908175127428	0.95541352603532481
Dijk_ERR2603478	0.04454013560950810	0.00000000000000000	0.02431473161359691	0.04531083825734734	0.00000000000000000	0.19663509147509628	0.03547688444585784	0.02393388545487596	0.01268711233021242	0.00000000000000000	0.06586190668638231	0.00000000000000000	0.00000000000000000	0.08863324227327990	0.02784262694362052	0.25782765063005714	0.02338877223379456	0.00309235642120836	0.06137329555853821	0.06032003239982698	0.02205671503768285	0.00670472262911445	0.00000000000000000	0.57066235554619438	0.83711568750082244
Dijk_ERR2603479	0.00000000000000000	0.01664785965162696	0.00000000000000000	0.04143638652910273	0.00000000000000000	0.22535829927645978	0.00000000000000000	0.01013009273521479	0.01860280001208294	0.00000000000000000	0.00000000000000000	0.01921573589725145	0.00144720933172408	0.21563385498608800	0.05235131475140267	0.23905738932738702	0.03016628253131397	0.00829873249053308	0.09203379522755256	0.00000000000000000	0.00781070248785215	0.02180954476440777	0.00000000000000000	0.75081016153241831	0.72461100944157708
Dijk_ERR2603480	0.25413577329630421	0.09053425213018947	0.00000000000000000	0.13810439628613366	0.00586937550706616	0.01242277960077776	0.06582453522177137	0.08941575052335889	0.01353658823589877	0.00000000000000000	0.05747735479396292	0.00000000000000000	0.01308026321898028	0.03591099906288171	0.03124384267855869	0.15342451563397522	0.00797225344140729	0.01145234901531426	0.00436560912648841	0.01134759314359792	0.00000000000000000	0.00388176908333283	0.00000000000000000	0.68176997468015932	0.77341883065145822
Dijk_ERR2603481	0.12295240805236786	0.00028784539001919	0.00000000000000000	0.20149005103277109	0.00000000000000000	0.20428568713641554	0.01963389287051919	0.02625725298440579	0.03613109915078267	0.00000000000000000	0.00000000000000000	0.00000000000000000	0.01067024335221129	0.01185309070471554	0.05992828244172389	0.13469280052245938	0.04240809490496696	0.01343985010642190	0.10903415365981269	0.00000000000000000	0.00000000000000000	0.00693524769040709	0.00000000000000000	0.79760555231130714	0.71197836062498332
Dijk_ERR2603482	0.00252416500641993	0.01058051633108524	0.01010586596389579	0.05745842974407644	0.00000000000000000	0.36940055665194316	0.00000000000000000	0.00000000000000000	0.00000000000000000	0.00000000000000000	0.01236613306439567	0.00000000000000000	0.01638715729136158	0.01149597503584758	0.05864180976922443	0.14129464439223136	0.06296032693970600	0.02957993344927180	0.17704670277781775	0.00813069217722539	0.00000000000000000	0.03202709140549802	0.00000000000000000	0.70250044410631762	0.76705410598740242
Dijk_ERR2603483	0.02492545831635452	0.00000000000000000	0.00522375564029568	0.00330512067511911	0.00000000000000000	0.42801224345924904	0.01021430789123281	0.00436059816723749	0.00000000000000000	0.00000000000000000	0.05266593102993410	0.00000000000000000	0.00000000000000000	0.03991851893817160	0.05476660429601977	0.17828465138509844	0.01790873204236057	0.05382272544347259	0.07508887041035210	0.00000000000000000	0.04191578643192663	0.00958669587317558	0.00000000000000000	0.58049778799339480	0.82903636640356626
Dijk_ERR2603484	0.01746942469510133	0.00000000000000000	0.00178218181671512	0.02908942550361731	0.00000000000000000	0.14564604106821774	0.00000000000000000	0.02049071133001161	0.00002531312226176	0.00807590887116771	0.00147097130613816	0.01935996716964221	0.00626478424631960	0.14849237172200402	0.01769934758627272	0.25396509321312183	0.07258212128279805	0.02742688970519578	0.15821647198494504	0.00000000000000000	0.03623173867058010	0.03571123670588983	0.00000000000000000	0.69851573210216433	0.76388946226230414
Dijk_ERR2603485	0.05734403711932914	0.00000000000000000	0.00000000000000000	0.10098612788848414	0.00000000000000000	0.10409799705732045	0.01616215573476633	0.04330545726880978	0.02129160344062693	0.00000000000000000	0.00000000000000000	0.01778752997495665	0.02176111175387627	0.08590978494416111	0.07559727430362427	0.24398539325995805	0.06458524053371485	0.00000000000000000	0.09084471885535604	0.00000000000000000	0.04788165554847183	0.00845991231654433	0.00000000000000000	0.76363768401289644	0.74081707754477211
Dijk_ERR2603486	0.02909340884203555	0.00000000000000000	0.01831907631068297	0.21954404548373935	0.00000000000000000	0.15685389137498171	0.06262096736181480	0.05506248064669821	0.00416321064089473	0.00000000000000000	0.09030989030915479	0.00000000000000000	0.00642214562995622	0.00000000000000000	0.08915206419710221	0.12286163744613547	0.01945399968065232	0.02285775553754502	0.03994273927231374	0.04420017209887810	0.01003194826011656	0.00911056690729812	0.00000000000000000	0.48909884685259519	0.87196041237771527
Dijk_ERR2603487	0.00057351969990688	0.00547914971205269	0.00088940079919097	0.05098586177668480	0.00000000000000000	0.15484089350548011	0.00000000000000000	0.01103926175745570	0.01461983765250767	0.00000000000000000	0.01523385323697271	0.00048433008391215	0.04759727477450794	0.23032974648711599	0.03410956633257516	0.26509634922473752	0.01997621469212945	0.00597681103864852	0.10654345339573065	0.00000000000000000	0.01814542053481797	0.01807905529557301	0.00000000000000000	0.79045353862205237	0.69388395472116204
Dijk_ERR2603488	0.05764250580787255	0.03431061145725294	0.01073266823439500	0.05126165860446603	0.00000000000000000	0.27202892405055407	0.00000000000000000	0.01995532623829966	0.00414970099802191	0.00000000000000000	0.01827811669085264	0.00000000000000000	0.00053390061577562	0.11518028071342062	0.04938055611838597	0.24965700072301342	0.01984820598212544	0.01006594653558909	0.07245090524360832	0.00000000000000000	0.00000000000000000	0.01452369198636684	0.00000000000000000	0.68256650286723308	0.77877447779860698
Dijk_ERR2603489	0.00490071462171071	0.00777643193437099	0.00000000000000000	0.01480510396466426	0.00000000000000000	0.24001570131082350	0.01076882871279641	0.00000000000000000	0.00000000000000000	0.00000000000000000	0.02822775390194037	0.00098350337525045	0.00000000000000000	0.19921128080465658	0.08355508576610468	0.24967815493958334	0.00584895383068142	0.01070905805429322	0.07258028654537810	0.00000000000000000	0.03161489467246681	0.03932424756527920	0.00000000000000000	0.63354626694246530	0.79296032539883565
Dijk_ERR2603490	0.02781770038485463	0.00000000000000000	0.00444781948631094	0.04259133894066690	0.00000000000000000	0.12166123190433549	0.01297252648140828	0.01246020202000238	0.00949858894550786	0.00000000000000000	0.05005301652164370	0.00000000000000000	0.00000000000000000	0.33195661183793973	0.02161773199631107	0.21001894088912407	0.00679483315061067	0.01309218046598586	0.03984098608973440	0.03799307751640071	0.00000000000000000	0.05718321336916344	0.00000000000000000	0.80065018363680207	0.66475463546859759
Dijk_ERR2603491	0.04186064617522486	0.00490460338128089	0.00000000000000000	0.07932058434359017	0.00000000000000000	0.37793906123188609	0.02094042980834018	0.00000000000000000	0.00739843867592951	0.00000000000000000	0.00891618769171547	0.00232439142633247	0.01834457370241834	0.01698318751484146	0.07628894865311792	0.19352691927625576	0.05296373518730269	0.00547132388407655	0.03222687487373731	0.02363108446528391	0.00000000000000000	0.03695900970866654	0.00000000000000000	0.77661838999353439	0.71900632641751028
Dijk_ERR2603492	0.00366241904247582	0.00000000000000000	0.00000000000000000	0.11083523453603430	0.00000000000000000	0.35023690422794540	0.04368142953172811	0.00495232801404432	0.00726380514844198	0.01355510224893380	0.01574545933837990	0.00000000000000000	0.00000000000000000	0.01872142897595212	0.08168196541788239	0.17667737611083026	0.11616588956884755	0.00274940383807987	0.02848507135829349	0.00000000000000000	0.00843763978568154	0.01714854285644923	0.00000000000000000	0.65476828732894776	0.78549243222321552
Dijk_ERR2603493	0.02291643549470720	0.00000000000000000	0.00158120756032023	0.10077699667868814	0.00000000000000000	0.32656603145150964	0.00740613189731105	0.00000000000000000	0.00000000000000000	0.00000000000000000	0.02471232637677062	0.00000000000000000	0.02177270019465677	0.04330491009940911	0.03445974272331526	0.24786523272358343	0.04120266016583892	0.01624806658713112	0.08825990691501978	0.00000000000000000	0.00000000000000000	0.02292765113173878	0.00000000000000000	0.68947926036437834	0.77266958284380138
Dijk_ERR2603494	0.03249729610025102	0.00000000000000000	0.00994956818164207	0.10472262281844885	0.00000000000000000	0.09102834688012020	0.01261476890937163	0.05449002599602858	0.00125664318893535	0.01311453708073381	0.01237598671591303	0.00524344419090089	0.02973384937428282	0.00000000000000000	0.03470215800900420	0.44076831912057368	0.03678581440750800	0.00000000000000000	0.10761476796848855	0.00000000000000000	0.00058885003923671	0.01251300101856068	0.00000000000000000	0.73327993772083255	0.74385382513998843
Dijk_ERR2603495	0.01861748409531501	0.00000000000000000	0.00210776651793295	0.03456096981046718	0.00000000000000000	0.22075491201448050	0.00812140886802778	0.00000000000000000	0.00000000000000000	0.00000000000000000	0.02937622273862074	0.00000000000000000	0.08109774749141252	0.00326458817303105	0.03142173986691792	0.31853940843347361	0.00345487085053920	0.00000000000000000	0.15838296356485299	0.00000000000000000	0.03774830970147194	0.05255160787345657	0.00000000000000000	0.70650960846598754	0.76528198670843450
Dijk_ERR2603496	0.01944224880614187	0.00000000000000000	0.00376334086653223	0.11843788250759571	0.00000000000000000	0.09377937451797851	0.01600767969979120	0.03814593935379392	0.00863089341190342	0.04884902854442147	0.00210272692535212	0.00000000000000000	0.00961760429329801	0.18711064555502574	0.04704361066229625	0.30059473525273150	0.01496227469190569	0.01356300293477528	0.07794901197645715	0.00000000000000000	0.00000000000000000	0.00000000000000000	0.00000000000000000	0.79123920770636180	0.69869193894065440
Dijk_ERR2603497	0.00202622075806824	0.01043650316912767	0.01024343608641523	0.01544707176703465	0.00000000000000000	0.16650272969112087	0.00000000000000000	0.03555644730567669	0.00476419130034258	0.00000000000000000	0.02472477274805043	0.02244928456853028	0.01467555523107870	0.10506658565368675	0.13751768863346486	0.17430633299810014	0.03904163256096864	0.00000000000000000	0.19399118958436748	0.00000000000000000	0.03608094476969143	0.00716941317427546	0.00000000000000000	0.50142019359469536	0.86693124149170186
Dijk_ERR2603498	0.10153912170797480	0.00000000000000000	0.00288625465470889	0.19581796660216388	0.00000000000000000	0.01532751366498696	0.03880413590671746	0.02746836577576177	0.01873980172186846	0.00000000000000000	0.02760193301849101	0.00646609986002836	0.02081013591092531	0.01373792285263665	0.03877306448040293	0.31020258442192505	0.02971700139996725	0.00000000000000000	0.12851263265690047	0.00000000000000000	0.00000000000000000	0.02359546536454058	0.00000000000000000	0.72651864595797155	0.76152629325996735
Dijk_ERR2603499	0.00299801254026296	0.00739316564398494	0.00630866726936042	0.00681226707080491	0.00000000000000000	0.13374679594904273	0.00234205186340627	0.00685764618829241	0.00359291302350348	0.00000000000000000	0.02361009233034538	0.00030493183123383	0.05613061516783570	0.18463288016059737	0.02233419505876234	0.31698322137021323	0.05886296859231956	0.03933415464226610	0.06703937004627697	0.00000000000000000	0.02172643609273077	0.03898961515876063	0.00000000000000000	0.67515872928309550	0.76470799791944499
Dijk_ERR2603500	0.03045267476790679	0.00000000000000000	0.00539733546760784	0.01881360484124120	0.00000000000000000	0.18740935722703650	0.00000000000000000	0.10091756177320134	0.04802728792821634	0.00000000000000000	0.00734188683046634	0.02562571609900561	0.03390982351347684	0.00000000000000000	0.02331028206523318	0.18808486433780541	0.04443688477579169	0.03296197698755979	0.00000000000000000	0.13860934721480947	0.07279667973614688	0.04190471643449459	0.02600000000000002	0.18146392151339161	1.00913009583697999
Dijk_ERR2603501	0.00272816948646310	0.00000000000000000	0.00249813130570823	0.15565698711009962	0.00000000000000000	0.19081460521914650	0.00819804819450679	0.00139234847140107	0.01271593883636641	0.00000000000000000	0.05049164927377557	0.00000000000000000	0.00431816684811578	0.13073679009019068	0.08644293618695444	0.22579074544329988	0.04996907987983248	0.02595269526470490	0.05171256791095703	0.00000000000000000	0.00000000000000000	0.00058114047847766	0.00000000000000000	0.72019108035498069	0.74534688520992720
Dijk_ERR2603502	0.01408071524038947	0.00000000000000000	0.00000000000000000	0.08900937094139502	0.00000000000000000	0.22361955412850129	0.00127779016290813	0.01004879895285027	0.02892084724162976	0.00000000000000000	0.00388049857885743	0.02463515257872343	0.02511889539705841	0.03095477767001136	0.06170718408227908	0.28332800517541323	0.01252951933390006	0.01180354911441042	0.08606579867725182	0.03254283897769722	0.00000000000000000	0.06047670374672359	0.00000000000000000	0.63709495687224271	0.79935687277927359
Dijk_ERR2603503	0.01353319933412533	0.00000000000000000	0.00000000000000000	0.10184796582090587	0.00000000000000000	0.21818726261711538	0.01347001131527607	0.00058489521192592	0.03675692207584192	0.00000000000000000	0.03250711061945021	0.00000000000000000	0.01438733241555931	0.06073511757610271	0.00841194835197902	0.24206391573592348	0.06588306254237290	0.04643300305251417	0.13985543776280882	0.00000000000000000	0.00405093831471337	0.00129187725338561	0.00000000000000000	0.74439225255112473	0.74921693983553617
Dijk_ERR2603504	0.00047591549782264	0.00290264631013236	0.00000000000000000	0.03736125846180809	0.00000000000000000	0.20205396842823878	0.01504213278357698	0.01110909185095223	0.02554728675485315	0.00000000000000000	0.01471833375279586	0.00322480405570311	0.02037696140618719	0.19371832635710332	0.02689850992620291	0.30363150450095022	0.00399290802058914	0.03120392722416058	0.07558920254728806	0.00000000000000000	0.00320568847257930	0.02894753364905595	0.00000000000000000	0.65230940233319512	0.78210303012667648
Dijk_ERR2603505	0.05074029525579279	0.00000000000000000	0.00463948613995389	0.01047682938988700	0.00000000000000000	0.13758699097823041	0.02399090498052189	0.00000000000000000	0.00000000000000000	0.00000000000000000	0.01531849528061007	0.00000000000000000	0.00000000000000000	0.07220813324749531	0.03991599984247095	0.25280185655752968	0.09911215116029821	0.00000000000000000	0.12329755627631585	0.00000000000000000	0.06710328020835693	0.10280802068253693	0.00000000000000000	0.61147328969341197	0.81400708592556548
Dijk_ERR2603506	0.04027350122348784	0.00000000000000000	0.01704634461624746	0.07937596297629095	0.00000000000000000	0.09245370192180442	0.01665396163792975	0.05135445160937479	0.02416062436466213	0.00000000000000000	0.02323653100181461	0.01982971598840685	0.00000000000000000	0.07439592238251286	0.10764234209401953	0.18320653463700612	0.00000000000000000	0.05606650625089834	0.09338725109278335	0.00000000000000000	0.00110251036831038	0.11981413783445057	0.00000000000000000	0.63862456849025384	0.79690708338264693
Dijk_ERR2603507	0.04514701632838378	0.00000000000000000	0.00397859941662749	0.10195957298304156	0.00000000000000000	0.19719485741704798	0.01367992258125447	0.02836472098605536	0.03958762821824439	0.00000000000000000	0.00630357642001836	0.00523343383280492	0.01854518290657241	0.05370366672583254	0.11120055952430016	0.21411843290053320	0.02568045850612374	0.00000000000000000	0.12974245982660576	0.00000000000000000	0.00000000000000000	0.00555991142655389	0.00000000000000000	0.76591642198232424	0.73219375378522877
Dijk_ERR2603508	0.03826371570224726	0.00000000000000000	0.00074609587703278	0.15070021131601308	0.00000000000000000	0.21107518487157867	0.00621379594414223	0.03896978370534629	0.00229287684879261	0.00732755944923052	0.03325996981954899	0.00286552799401314	0.00000000000000000	0.03084405211252864	0.04387355038167929	0.19003073696512618	0.01670206893401089	0.00207370468576876	0.12257537190359659	0.00000000000000000	0.00000000000000000	0.10218579348934438	0.00000000000000000	0.71028612667786961	0.76044353600560077
Dijk_ERR2603509	0.02071760250631066	0.00000000000000000	0.00311135944535715	0.04179593708932080	0.00000000000000000	0.20623103223258193	0.00456401900660730	0.00758928033065361	0.02485179307857111	0.00000000000000000	0.00840111341628949	0.01359337654863951	0.01196616420783527	0.06741280852862956	0.02579960692996566	0.27772297578711702	0.07284140661798401	0.07955937933387461	0.09103161318552910	0.00000000000000000	0.00000000000000000	0.04281053175473324	0.00000000000000000	0.81059736419462303	0.70898896027088032
Dijk_ERR2603510	0.07429841623873787	0.01390095730092980	0.00000000000000000	0.11480179777391164	0.00000000000000000	0.20792114697143291	0.00297113653757071	0.03790527916170141	0.06904481745375285	0.00000000000000000	0.01447978642432009	0.00000000000000000	0.01492482451141398	0.00473323256755590	0.02864625123674101	0.20404536795377995	0.03582734145199794	0.04532900047322558	0.11333991758427917	0.01446671011239459	0.00000000000000000	0.00336401624625474	0.00000000000000000	0.67222776530646633	0.78871511123803550
Dijk_ERR2603511	0.01631087798357441	0.00000000000000000	0.00276988914399937	0.05324159836625131	0.00000000000000000	0.22364775375310267	0.02159508430697360	0.01129095612938049	0.00515641887602757	0.00000000000000000	0.01726860706596241	0.00035203249140269	0.03881150301758805	0.05703236350200242	0.09021006677805335	0.21661367264061093	0.04000741791250478	0.04599186932475557	0.12934708699989758	0.00000000000000000	0.02718686671381165	0.00316593499410115	0.00000000000000000	0.78987261792997077	0.72322816785480126
Dijk_ERR2603512	0.01681756329213735	0.00000000000000000	0.00289134219026893	0.11271046800734849	0.00000000000000000	0.15928665990872398	0.01841044312599379	0.01215150031383073	0.00990791755780977	0.00000000000000000	0.00496790359215797	0.00000000000000000	0.00122172435210985	0.09140308909744094	0.04242779927902325	0.30567079772064687	0.05075580922992007	0.00000000000000000	0.15743554387548006	0.00000000000000000	0.00000000000000000	0.01394143845710800	0.00000000000000000	0.73773758502714493	0.74541337956272546
Dijk_ERR2603513	0.01322893465245811	0.00000000000000000	0.00405063469090484	0.07531728078421701	0.00000000000000000	0.22386804437870170	0.00154221377761326	0.02609110187890281	0.02200730281826542	0.00000000000000000	0.00907181880657020	0.00724164476410367	0.00000000000000000	0.06024321184211896	0.03880094317765390	0.23344696826144187	0.07538436919469177	0.03501915857394389	0.10787352212665484	0.00000000000000000	0.01390869771761872	0.05290415255413930	0.00000000000000000	0.70458949307986674	0.77096899560614018
Dijk_ERR2603514	0.06100023972319175	0.00000000000000000	0.00000000000000000	0.06016009118438843	0.00000000000000000	0.17813983494991439	0.01018109812351708	0.01590939539357684	0.02928477996328058	0.00000000000000000	0.02020834153961435	0.00000000000000000	0.01424867801300423	0.03802022103750519	0.03289066745751071	0.22638854400344843	0.09858200322473439	0.01685164055474952	0.16714087622285353	0.00000000000000000	0.00512211939816959	0.02587146921054076	0.00000000000000000	0.76964359127934379	0.74463665462772843
Dijk_ERR2603515	0.04029835662487193	0.00000000000000000	0.00000000000000000	0.04854909391329756	0.00000000000000000	0.28145366704347413	0.00655305366240821	0.00000000000000000	0.00000000000000000	0.00000000000000000	0.03163436017511211	0.00000000000000000	0.02792367619320160	0.08049831173394302	0.01197480600037169	0.13507365129284232	0.14414009068363626	0.08487914138024663	0.08692409170568369	0.00000000000000000	0.01173180517406384	0.00836589441684689	0.00000000000000000	0.76940163531941697	0.74012358646802823
Dijk_ERR2603516	0.04607687668570189	0.00000000000000000	0.00000000000000000	0.17443974417117927	0.00000000000000000	0.18421637445972402	0.03018651342211855	0.03366155305912508	0.00917278637105158	0.00000000000000000	0.00000000000000000	0.00212150224844980	0.00089236636016492	0.05236043714824708	0.04071961306858211	0.19926637649827686	0.06629525653033118	0.02041471347076750	0.07511795710188895	0.01524686560974270	0.01473393231232082	0.03507713148232754	0.00000000000000000	0.75515614882974536	0.74377085590421810
Dijk_ERR2603517	0.00816251112959035	0.00000000000000000	0.00000000000000000	0.06049460132450125	0.00000000000000000	0.19955159955305740	0.00000000000000000	0.00589379846834863	0.00185224475466237	0.00000000000000000	0.02841763601248861	0.00000000000000000	0.04285183822775702	0.15069499521111793	0.04813047036046346	0.30988715497480501	0.01871221950445837	0.00000000000000000	0.08364007625454321	0.02710025347919561	0.00000000000000000	0.01461060074501092	0.00000000000000000	0.66944741620134518	0.77438744737980092
Dijk_ERR2603518	0.01300164351462948	0.00000000000000000	0.00000000000000000	0.05132927908853818	0.00000000000000000	0.13132175464040338	0.01164894971870334	0.00870309650761376	0.00260702549754410	0.00000000000000000	0.00000000000000000	0.00369559159526694	0.00000000000000000	0.22035168006884021	0.01209040851388339	0.25815293473709205	0.06574440390957603	0.01917576726095746	0.11075440938529031	0.00000000000000000	0.01947546084379086	0.07194759471787034	0.00000000000000000	0.73585754656454372	0.72704272131246928
Dijk_ERR2603519	0.00439546459261957	0.04184015885045100	0.00408423529213208	0.04715560466239652	0.00000000000000000	0.16475346605779759	0.00694445457896895	0.00000000000000000	0.00000000000000000	0.00000000000000000	0.00000000000000000	0.03284051632286715	0.00000000000000000	0.12625373192690617	0.03515464932202266	0.29223336601428146	0.01641862922107487	0.00000000000000000	0.19029621835078656	0.00000000000000000	0.00000000000000000	0.03762950480769552	0.00000000000000000	0.68707475978164467	0.76973893166790119
Dijk_ERR2603520	0.00270528360289776	0.02630265221306124	0.00489664973506117	0.06870863892377335	0.00000000000000000	0.28639578207200589	0.00000000000000000	0.00000000000000000	0.00000000000000000	0.00000000000000000	0.03304860396232953	0.00000000000000000	0.01539433115362822	0.06477162826414538	0.02454345723221427	0.27556873152735073	0.04890589053392318	0.03925636141942494	0.10373809359713486	0.00339641705310282	0.00000000000000000	0.00236747870994657	0.00000000000000000	0.67277533430090641	0.78425317604711897
Dijk_ERR2603521	0.02290717037094727	0.00000000000000000	0.00985444749453352	0.08694135243230758	0.00000000000000000	0.29382022634256610	0.01856455386253313	0.00000000000000000	0.02189867656141763	0.00000000000000000	0.04588550928989311	0.00000000000000000	0.01895892364008076	0.00000000000000000	0.04027960484108500	0.17832881593381944	0.06978785576870684	0.02541936741572641	0.12553742087143935	0.01822569460374572	0.00000000000000000	0.02359038057119820	0.00000000000000000	0.69905692799068730	0.77381186516587441
Dijk_ERR2603522	0.00000000000000000	0.00261875244581076	0.00000000000000000	0.04193758192205473	0.00000000000000000	0.10542816886008462	0.02448324390213391	0.01256939410898620	0.00000000000000000	0.00949370329806938	0.01591350234591523	0.01135541540262441	0.00000000000000000	0.24188744053655609	0.00893070445147611	0.31232057051099027	0.00000000000000000	0.11440770960868051	0.08810613460741069	0.00000000000000000	0.00000000000000000	0.01054767799920713	0.00000000000000000	0.80320807530039107	0.67188188888036438
Dijk_ERR2603523	0.11117372120732100	0.00000000000000000	0.00000000000000000	0.08454102652771076	0.00000000000000000	0.13100662527834656	0.03310542985028004	0.06366561249996461	0.02220095796654035	0.00000000000000000	0.04125937971824632	0.00000000000000000	0.00864693729816791	0.13589109296676524	0.05499690107614515	0.18719363055598165	0.01115309370712828	0.04268961265019455	0.06207557839070005	0.00000000000000000	0.00000000000000000	0.01040040030650760	0.00000000000000000	0.74796423091219288	0.74836570609780928
Dijk_ERR2603524	0.00967738461375725	0.00000000000000000	0.00293359107556259	0.08644375586746227	0.00000000000000000	0.33709423850295289	0.00000000000000000	0.00000000000000000	0.00000000000000000	0.00000000000000000	0.00000000000000000	0.00957920716835538	0.00602398867773689	0.03934746891177194	0.01889356774836764	0.28236241623736080	0.08266513843449443	0.02027558030764883	0.10470366245452917	0.00000000000000000	0.00000000000000000	0.00000000000000000	0.00000000000000000	0.71747781913626663	0.75561338299572200
Dijk_ERR2603525	0.00472338148036015	0.00673039134813537	0.00021563577581638	0.03406736222377107	0.00000000000000000	0.14350353368046040	0.01166553805470569	0.01222653433595267	0.00000000000000000	0.01414250848692166	0.00078461461327510	0.01083643778732817	0.02137714887481245	0.14008772254143820	0.03476112809655203	0.31063225081816281	0.05244883117141654	0.00000000000000000	0.09948670392718098	0.02999252253530918	0.00000000000000000	0.07231775424840106	0.00000000000000000	0.64703291419370612	0.78543583074294321
Dijk_ERR2603526	0.00332596509115988	0.00000000000000000	0.00259767520695747	0.09709362177260787	0.00000000000000000	0.17417793407966706	0.01103008635544970	0.02686174816174656	0.00571080140474784	0.00000000000000000	0.00000000000000000	0.02232458393823529	0.02261852744593956	0.08172495302504944	0.04264127602605556	0.27819719920992914	0.03707404441951964	0.00261114074388103	0.13980291136967865	0.00000000000000000	0.03948975374059099	0.01271777800878434	0.00000000000000000	0.68047435715322879	0.77993086097423414
Dijk_ERR2603527	0.01275457174969593	0.00089571180586691	0.00008014243185804	0.02603764919607970	0.00000000000000000	0.12023131727758070	0.00906476515237818	0.03270240327758742	0.01011570795680358	0.02049236389634137	0.00000000000000000	0.02931633776706913	0.00000000000000000	0.14448956724230741	0.06298115337209713	0.27743883916633921	0.03123898216190361	0.08824202571830783	0.05634358416000680	0.00000000000000000	0.00487158183117437	0.07270329583660276	0.00000000000000000	0.70925764764943544	0.74846658563474655
Dijk_ERR2603528	0.00393805192657162	0.00948562520376829	0.00002333392725064	0.06498395184665297	0.00000000000000000	0.20384500058195110	0.01223625275938100	0.00000000000000000	0.00744333306342244	0.00000000000000000	0.00000000000000000	0.01530579845783031	0.01356825557286965	0.09338755709739020	0.02788940480551268	0.24171082096087637	0.05953709496685352	0.00642218414786711	0.21717738337715853	0.00000000000000000	0.00000000000000000	0.02304595130464363	0.00000000000000000	0.73521528917790901	0.74756237695589156
Dijk_ERR2603529	0.01063312506395146	0.00736595372362555	0.00007447027194530	0.11474007917365982	0.00000000000000000	0.17279139178270392	0.00312448640652208	0.03180482467756868	0.00000000000000000	0.01962252447866792	0.00000000000000000	0.02337624610581788	0.01966928252496720	0.00866168695617544	0.07372513413925609	0.18260099157949594	0.08349544856143203	0.02623220768882713	0.18090340704681324	0.00000000000000000	0.00248383564328154	0.03869490417528876	0.00000000000000000	0.75084173024871359	0.74502544520018876
Dijk_ERR2603530	0.02369151725145501	0.00000000000000000	0.00256029757676920	0.14831449545383901	0.00000000000000000	0.25766088885735766	0.00000000000000000	0.00764184496337239	0.01146939358537131	0.00000000000000000	0.00000000000000000	0.02542555898982250	0.01291189414196891	0.08629766022917494	0.09756993411307806	0.14872723008217270	0.06314092360919100	0.02183205588224174	0.08569011517475546	0.00000000000000000	0.00000000000000000	0.00706619008942997	0.00000000000000000	0.77906948597634573	0.71581689067225729
Dijk_ERR2603531	0.03050898565059347	0.00000000000000000	0.01158779563124957	0.10312758400803669	0.00000000000000000	0.19362747036844327	0.01147987180057529	0.03490756034885056	0.00470644199911265	0.00255399895793819	0.00000000000000000	0.04265324221536998	0.00000000000000000	0.15831503891196017	0.06047433490609518	0.24873917816655081	0.00346168291463845	0.00986928466810678	0.06185307237177380	0.00000000000000000	0.00000000000000000	0.02213445708070505	0.00000000000000000	0.81115210948479188	0.69376461517512078
Dijk_ERR2603532	0.00602123777518462	0.00085160215524327	0.00000000000000000	0.06640421095889798	0.00000000000000000	0.32991352851932199	0.01492940077578167	0.00000000000000000	0.00000000000000000	0.00000000000000000	0.03006283340443016	0.00000000000000000	0.01689121384480265	0.08409973323253192	0.05030881375210583	0.17185761315635995	0.09592080374949272	0.01062759574395969	0.07912706040110669	0.02456820099094463	0.00000000000000000	0.01841615153983619	0.00000000000000000	0.76318570861026802	0.73391049406808428
Dijk_ERR2603533	0.00820479554869674	0.00000000000000000	0.00000000000000000	0.13129587856294553	0.00000000000000000	0.15940301545169516	0.02432542232524710	0.02268893368941310	0.00695182491337794	0.00000000000000000	0.03837215113931162	0.00000000000000000	0.00139210528443655	0.19742789845131090	0.05523099198862137	0.24630421191029711	0.00654797770927372	0.00000000000000000	0.09644388933101214	0.00000000000000000	0.00000000000000000	0.00541090369436119	0.00000000000000000	0.84364016849781465	0.66705068963571335
Dijk_ERR2603534	0.01621309610871573	0.00000000000000000	0.00257130280580947	0.11741833379691927	0.00000000000000000	0.15578453608118195	0.02242715091620617	0.03770016323490534	0.00000000000000000	0.03233451444152968	0.01830751112047259	0.00000000000000000	0.02572454785640950	0.07375320036136114	0.04754474224505624	0.30095537459077254	0.01876989398768702	0.00000000000000000	0.09653875943648381	0.00000000000000000	0.00000000000000000	0.03395687301648968	0.00000000000000000	0.79964779522469021	0.71058213656933877
Dijk_ERR2603535	0.00770606578988374	0.00000000000000000	0.00101945003999853	0.15952265107664576	0.00000000000000000	0.20740997824318366	0.00855495175918604	0.00279990797061068	0.00000000000000000	0.02191855042809024	0.00000000000000000	0.00971249685047916	0.00000000000000000	0.05233750023064285	0.06166405463039274	0.25646820670183573	0.05943443552862501	0.04921985551550139	0.08333913661885733	0.01089089881191130	0.00000000000000000	0.00800185980415593	0.00000000000000000	0.67785260072655573	0.77612974410850033
Dijk_ERR2603536	0.00154219541120968	0.00828842039028493	0.00547977795924533	0.14427827418872677	0.00000000000000000	0.24359369703425815	0.00000000000000000	0.00672027765983198	0.00000000000000000	0.00748626120196395	0.00000000000000000	0.02605398811172789	0.00273694939819973	0.02835570080975009	0.06351445059456234	0.22972425837577931	0.04946654129998650	0.00000000000000000	0.17791641344766454	0.00000000000000000	0.00000000000000000	0.00484279411680897	0.00000000000000000	0.71362307413194126	0.75783773256631837
Dijk_ERR2603537	0.00713887041047398	0.00000000000000000	0.00230920014893691	0.05676215950991007	0.00000000000000000	0.26129286375376815	0.00000000000000000	0.00445327656797642	0.00000000000000000	0.00000000000000000	0.04299585084621082	0.00471606643874698	0.01036609072323991	0.09311587213555829	0.01951861134372291	0.17613530750439624	0.04819867545779837	0.04929443402988647	0.22156367651434425	0.00000000000000000	0.00000000000000000	0.00213904461503027	0.00000000000000000	0.67107296287515794	0.78356988394398397
Dijk_ERR2603538	0.00477183313347345	0.00518400143673737	0.00437769468695915	0.00483720377404021	0.00000000000000000	0.24369079905444935	0.00400787412432652	0.00713526250801773	0.00059488993247799	0.00000000000000000	0.01350074114288276	0.00019678239172939	0.06188407378419322	0.13771643534808709	0.01561587708937424	0.32480703747633000	0.04701879090394179	0.01722336873943311	0.09387518164038933	0.00808036856548562	0.00391664598715550	0.00156513828051639	0.00000000000000000	0.78689280637680470	0.70634811948265364
Dijk_ERR2603539	0.01661571551440013	0.00000000000000000	0.00000000000000000	0.16453302582893695	0.00000000000000000	0.09199678268558875	0.04710116429873530	0.01294756758335099	0.00000000000000000	0.00000000000000000	0.02202022903418772	0.00000000000000000	0.00000000000000000	0.03052536256762349	0.05764061452765628	0.18257455708253853	0.03910331412081228	0.00326345001383026	0.03981693698612911	0.00000000000000000	0.07643516359943053	0.21542611615677967	0.00000000000000000	0.64338879958136408	0.78571436156982333
Dijk_ERR2603540	0.00502862553908191	0.00000000000000000	0.00125576703931676	0.08420090962099420	0.00000000000000000	0.19289763903943152	0.00395519861233317	0.00000000000000000	0.00129684028178665	0.01471749706523640	0.00000000000000000	0.01965895196084144	0.02745267299345702	0.05235284223862739	0.04003819605866381	0.22892600141399408	0.13416141923144040	0.01107598173580678	0.14502437092813433	0.00000000000000000	0.03097501972402317	0.00698206651683094	0.00000000000000000	0.72893163943980777	0.75837277396600122
Dijk_ERR2603541	0.01338043351889600	0.00000000000000000	0.02569241567458383	0.05998527208824521	0.00000000000000000	0.37064946560376855	0.01558678198371623	0.10684447360212007	0.00000000000000000	0.00000000000000000	0.01526974432957682	0.00000000000000000	0.01188021113659736	0.03166189882916749	0.02135317349840242	0.16226196459637465	0.03185292185320755	0.00938749968304678	0.06370101755034552	0.05292257022375933	0.00757015582819228	0.00000000000000000	0.00000000000000000	0.27640700962637205	0.97305886868649094
Dijk_ERR2603542	0.21277394639984207	0.00000000000000000	0.00000000000000000	0.09179998398171552	0.00000000000000000	0.12084910842399971	0.00047711210349276	0.07056394238250775	0.01046110829653354	0.00296781925264906	0.03677254433373463	0.00000000000000000	0.02037305530609574	0.11321275279134282	0.03567249690908886	0.19662874068786365	0.00460752442295001	0.03231519758973698	0.00000531917399724	0.05051934794444971	0.00000000000000000	0.00000000000000000	0.00000000000000000	0.73937665018704690	0.74664308477758612
Dijk_ERR2603543	0.00212524321624946	0.01308471524414326	0.00586727676152235	0.08857834167104606	0.00000000000000000	0.07793562308107582	0.00649009644950258	0.02554477401924482	0.00000000000000000	0.02491207824768510	0.00000000000000000	0.00337346733655525	0.00000000000000000	0.26664033788861952	0.01470298090176463	0.29995860855032791	0.00000000000000000	0.00471662401551109	0.16606983261675218	0.00000000000000000	0.00000000000000000	0.00000000000000000	0.00000000000000000	0.77164183857079927	0.69481723767384118
Dijk_ERR2603544	0.00517889936760144	0.00000000000000000	0.00146718284746158	0.19853477392992389	0.00000000000000000	0.15302406519034520	0.10412174238582564	0.00000000000000000	0.00000000000000000	0.00000000000000000	0.02819659519899657	0.00085087447409941	0.02605991513431294	0.00851682019586251	0.10382260382122374	0.15242215665336489	0.02162607902913388	0.01351034736285754	0.09718827162395140	0.00000000000000000	0.05809149818321822	0.02738817460182116	0.00000000000000000	0.68534041968915926	0.77496419247922321
Dijk_ERR2603545	0.01970994181960407	0.00000000000000000	0.00000000000000000	0.06240260777873427	0.00000000000000000	0.12399885930654507	0.01137265736343062	0.02067966191861028	0.01039434886921366	0.00000000000000000	0.02041416798309916	0.00000000000000000	0.00752970651194449	0.11998778039799733	0.04302436852300155	0.19626891469604421	0.06275245390289112	0.01203089517599890	0.27745322985975313	0.00000000000000000	0.00384255051257143	0.00813785538056064	0.00000000000000000	0.75403022819005860	0.73076803119616385
Dijk_ERR2603546	0.02152848167464324	0.00000000000000000	0.00000000000000000	0.04795131808243940	0.00000000000000000	0.21986297222434562	0.00097808055266192	0.00551463355374963	0.02984817164911750	0.00000000000000000	0.02027741354679627	0.00231664173782831	0.02298680142729969	0.11756468673954269	0.03618439666346517	0.27290517200044062	0.04120616979227723	0.03205030236422789	0.10339529215896133	0.00000000000000000	0.01715044434926487	0.00827902148293855	0.00000000000000000	0.75794244619030504	0.73588613851849716
Dijk_ERR2603547	0.01016051668154478	0.00001624809977201	0.00000000000000000	0.06136942040499266	0.00000000000000000	0.11174866351703236	0.02018499469785879	0.02356132691659603	0.01637084896408595	0.00000000000000000	0.03911515314008046	0.00000000000000000	0.00561023593319643	0.18467873186894673	0.03272685863742834	0.27133111531514048	0.06239506254822218	0.00265616498543382	0.08298481588228139	0.00000000000000000	0.01691118268191114	0.05817865972547648	0.00000000000000000	0.72952197083291770	0.73930538605263973
Dijk_ERR2603548	0.00000000000000000	0.00036743878842600	0.01287329214656225	0.04142090451264929	0.00000000000000000	0.10347760400819304	0.00170591695680889	0.01089176825224028	0.01062925538643117	0.00000000000000000	0.01020795342354466	0.00979190372493826	0.00000000000000000	0.16684559010687761	0.02736462283483258	0.29167774085642251	0.02093009330117122	0.00520718440432630	0.03798576213144485	0.03078578665834125	0.03685419211273966	0.18098299039405022	0.00000000000000000	0.73257032758540741	0.71614984227428613
Dijk_ERR2603549	0.00000000000000000	0.00046759805111086	0.00020647388529894	0.06577437850221664	0.00000000000000000	0.16100086181874176	0.01548772656708558	0.01463724079841386	0.00000000000000000	0.00000000000000000	0.05726570597334375	0.00000000000000000	0.00311377189768359	0.06327043301110108	0.02057474666828285	0.29433259348807062	0.02241649047648404	0.02262729674882625	0.06948754493661567	0.01695906920137967	0.00000000000000000	0.17237806797534486	0.00000000000000000	0.76782560679524670	0.71134183554710717
Dijk_ERR2603550	0.04627661878020981	0.00000000000000000	0.00214326800888241	0.04180100225186340	0.00000000000000000	0.13143147299472660	0.01479517226955425	0.02331706571046611	0.04739989694903602	0.00000000000000000	0.00512151329689484	0.00000000000000000	0.01978761180667216	0.24276293718851422	0.01745021346604691	0.22196411710352326	0.04647240022924114	0.00036505418647991	0.11816598084525654	0.00786239620449646	0.00935613301872301	0.00352714568941323	0.00000000000000000	0.81565786375737670	0.68583450393413026
Dijk_ERR2603551	0.03698041789431984	0.00000000000000000	0.00142950266057242	0.02855625548052175	0.00000000000000000	0.17881335136224755	0.00000000000000000	0.00715395499318975	0.00000000000000000	0.00000000000000000	0.04781647513390315	0.00000000000000000	0.00000000000000000	0.19514277149819173	0.01994974498663592	0.28045802887059273	0.01844956138403661	0.00734357732265917	0.08976876008795885	0.00000000000000000	0.01094520856793109	0.07719238975723934	0.00000000000000000	0.64708847131217839	0.78523666367954748
Dijk_ERR2603552	0.01847210408068282	0.00000000000000000	0.00354591974494304	0.05053012602172138	0.00000000000000000	0.26800667490889052	0.00000000000000000	0.00571967679337673	0.04202960143443891	0.00000000000000000	0.02680314708028173	0.00000000000000000	0.00575734406405647	0.07789550872271819	0.03043474505722746	0.20003277698123734	0.05909466902262433	0.00765788601808415	0.19359834092116057	0.00851081319209983	0.00000000000000000	0.00191066595645670	0.00000000000000000	0.64973216735231243	0.79656129701009371
Dijk_ERR2603553	0.09084493098018766	0.00000000000000000	0.00000000000000000	0.17830758811014916	0.00000000000000000	0.23756647807002604	0.05971399562865079	0.00000000000000000	0.00333007471972025	0.00000000000000000	0.01454176940535056	0.00000000000000000	0.01454538568902982	0.09586991228281368	0.06295984129257685	0.16038400863553867	0.00680594257185175	0.00425501560302773	0.06646903729332142	0.00000000000000000	0.00000000000000000	0.00440601971775562	0.00000000000000000	0.78342032351632740	0.71878778906304908
Dijk_ERR2603554	0.02628278345066403	0.00000000000000000	0.00919504724185980	0.08633539143092557	0.00000000000000000	0.31118513610469617	0.00000000000000000	0.00000000000000000	0.00000000000000000	0.00000000000000000	0.03386074036152501	0.00000000000000000	0.00892386308351413	0.01690710755180208	0.03531564195573857	0.23389950836926379	0.02310238044205043	0.01102646323626537	0.16921051139455023	0.00000000000000000	0.01118583284597449	0.02356959253117040	0.00000000000000000	0.60994200335195470	0.81637439799478584
Dijk_ERR2603555	0.01608252853015137	0.00000000000000000	0.00000000000000000	0.07829234453148441	0.00000000000000000	0.24686340379894239	0.00410413591305378	0.01049464284241996	0.01855554536536760	0.00000000000000000	0.03567456719214840	0.00000000000000000	0.00000000000000000	0.06669529928924560	0.03759651508694470	0.18233030675747963	0.06604229827097634	0.03000973411264522	0.10851123840441690	0.04730154607066863	0.00000000000000000	0.05144589383405505	0.00000000000000000	0.76505105532727391	0.73509840433459439
