Mixture	B cells naive	B cells memory	Plasma cells	T cells CD8	T cells CD4 naive	T cells CD4 memory resting	T cells CD4 memory activated	T cells follicular helper	T cells regulatory (Tregs)	T cells gamma delta	NK cells resting	NK cells activated	Monocytes	Macrophages M0	Macrophages M1	Macrophages M2	Dendritic cells resting	Dendritic cells activated	Mast cells resting	Mast cells activated	Eosinophils	Neutrophils	P-value	Correlation	RMSE
TCGA_PAAD_TCGA-2L-AAQE-01A	0.07964384127301366	0.08778814527506179	0.00154830724917754	0.03900450624877137	0.00000000000000000	0.16990005464785807	0.00497360619540193	0.07113465169559603	0.08229815396417148	0.00000000000000000	0.02713664745431732	0.00000000000000000	0.00000000000000000	0.20553160817875116	0.00000000000000000	0.12518304440115610	0.00000000000000000	0.06847026669300812	0.03738716672371527	0.00000000000000000	0.00000000000000000	0.00000000000000000	0.00000000000000000	0.66875420366305960	0.77927513955096339
TCGA_PAAD_TCGA-XD-AAUL-01A	0.00000000000000000	0.00843683063851508	0.00000000000000000	0.01203583576407975	0.00000000000000000	0.20028369835178433	0.00000000000000000	0.00934510146630035	0.03761720015589728	0.00000000000000000	0.01290258196601149	0.00293845504839377	0.01871011339559914	0.22341432035504902	0.00761475530887614	0.30851535926770396	0.04198507653917556	0.01849436691493062	0.06993303346484997	0.00000000000000000	0.00000000000000000	0.02777327136283357	0.00000000000000000	0.59800792181431295	0.80865451188648607
TCGA_PAAD_TCGA-2L-AAQJ-01A	0.18121161554896481	0.00000000000000000	0.01730930292809027	0.00000000000000000	0.00000000000000000	0.14549517902109396	0.00000000000000000	0.08677061732499633	0.04953744335861602	0.00000000000000000	0.00000000000000000	0.02496277775903963	0.00000000000000000	0.28897766303102623	0.04368362816711182	0.15707568346364104	0.00000000000000000	0.00000000000000000	0.00000000000000000	0.00497608939741991	0.00000000000000000	0.00000000000000000	0.00000000000000000	0.67298090288185242	0.76462271962855433
TCGA_PAAD_TCGA-2L-AAQI-01A	0.00000000000000000	0.04343319127915642	0.02782258185846016	0.00352098373747102	0.00000000000000000	0.22355217401792254	0.00000000000000000	0.00483386768414881	0.03991573310218637	0.00000000000000000	0.03326924971783268	0.00007444410670582	0.00000000000000000	0.28415939602232815	0.02338832534638382	0.27605196591725206	0.00000000000000000	0.00000000000000000	0.02478420709072357	0.00000000000000000	0.00000000000000000	0.01519388011942842	0.00000000000000000	0.60665268283147922	0.80195947463383843
TCGA_PAAD_TCGA-3A-A9IB-01A	0.00476776854802907	0.00069403272242924	0.00000000000000000	0.02241598958087694	0.00000000000000000	0.15835778466861394	0.00000000000000000	0.01983048511450633	0.04984264254421122	0.00000000000000000	0.00000000000000000	0.03149979100840623	0.00006437356398047	0.28955604885648978	0.02819826955152213	0.29585029220514658	0.00000000000000000	0.00238327412477467	0.08865770824101205	0.00000000000000000	0.00000000000000000	0.00788153927000135	0.00000000000000000	0.74501359900013608	0.70604264869906408
TCGA_PAAD_TCGA-3A-A9IU-01A	0.05082006931433625	0.03574725388537623	0.03228231775276368	0.02290538703751363	0.00000000000000000	0.08259270637566669	0.00000000000000000	0.04987362512652887	0.01969097968479710	0.00000000000000000	0.01194339193945393	0.01316315828523742	0.00000000000000000	0.45579781127948366	0.02484089534601647	0.13237167277619105	0.00000000000000000	0.00000000000000000	0.06797073119663495	0.00000000000000000	0.00000000000000000	0.00000000000000000	0.00000000000000000	0.70404919866833215	0.72621386905752450
TCGA_PAAD_TCGA-FB-AAPS-01A	0.12552376265374884	0.02287247723342688	0.00000000000000000	0.06443799973878743	0.00000000000000000	0.17804725378610683	0.00000000000000000	0.04100818699059385	0.03573304527292556	0.00000000000000000	0.01371443115740385	0.00547289660626107	0.00065331916479455	0.19385084476896849	0.02576483475981281	0.24211762678069707	0.00000000000000000	0.00554206181289238	0.04466277961355022	0.00000000000000000	0.00000000000000000	0.00059847966003022	0.00000000000000000	0.83510656626878788	0.67212770837750524
TCGA_PAAD_TCGA-HV-AA8X-01A	0.04410250683669208	0.00000000000000000	0.08194666984669512	0.01567784026849922	0.00000000000000000	0.16299802032966371	0.00000000000000000	0.00000000000000000	0.03774154406816988	0.00000000000000000	0.00955721146051235	0.02487915530131727	0.00000000000000000	0.23206197772903789	0.00755592323200717	0.18520306829710384	0.00333791581364157	0.03243158916899394	0.16250657764766591	0.00000000000000000	0.00000000000000000	0.00000000000000000	0.00000000000000000	0.34510411624575116	0.94232592781747315
TCGA_PAAD_TCGA-LB-A9Q5-01A	0.00764798909611665	0.02829079323081112	0.00000000000000000	0.03619072267638249	0.00000000000000000	0.14858786817897482	0.00000000000000000	0.01478820231879868	0.04600411787170226	0.00000000000000000	0.00253343986966621	0.02232345140932360	0.07073605147304703	0.20541941204043485	0.02827855256496326	0.24468851547044251	0.02622749394332399	0.02107148733683513	0.04139063971512105	0.00000000000000000	0.01090907394280920	0.04491218886124732	0.00000000000000000	0.64258454594769565	0.78637628230525491
TCGA_PAAD_TCGA-HZ-A9TJ-01A	0.06294281169604185	0.00000000000000000	0.04836978636901046	0.02573159272246511	0.00000000000000000	0.14703890668256042	0.00000000000000000	0.02404246517479977	0.06522189208238442	0.00000000000000000	0.00222387575154336	0.01513890691314026	0.00192907169602905	0.26182253839835901	0.03037587703758351	0.22338113051428884	0.00000000000000000	0.02457815846025195	0.06720298650154212	0.00000000000000000	0.00000000000000000	0.00000000000000000	0.00000000000000000	0.45548363941594039	0.88994810074007458
TCGA_PAAD_TCGA-3A-A9IH-01A	0.05711827902854447	0.00000000000000000	0.03263298629382856	0.01697624380981990	0.00000000000000000	0.18980685955466439	0.00000000000000000	0.03503246325659168	0.02440635957922074	0.00000000000000000	0.03452933059942194	0.00000000000000000	0.01026555861509710	0.20200750703251982	0.03643483573030724	0.24134853585257693	0.03464866700898966	0.04172820972704036	0.03497428476080330	0.00000000000000000	0.00000000000000000	0.00808987915057366	0.00000000000000000	0.45963811237289659	0.88771302321670786
TCGA_PAAD_TCGA-RB-AA9M-01A	0.04885335240637943	0.00208971595821778	0.02828835007658493	0.03055916341731002	0.00000000000000000	0.20910436290149503	0.00000000000000000	0.07385010809814484	0.07593602742802306	0.00000000000000000	0.01397817319302996	0.01098688658184168	0.00825943494096232	0.15432696279733099	0.03545888042722579	0.25659004107079353	0.00000000000000000	0.00000000000000000	0.03643474437558322	0.00000000000000000	0.00078999797408614	0.01449379835299120	0.00000000000000000	0.57190985378749237	0.83062910567983461
TCGA_PAAD_TCGA-IB-AAUQ-01A	0.01950865960897487	0.00000000000000000	0.09278097256961915	0.01327160326647745	0.00000000000000000	0.11543341410404695	0.00479615209749647	0.01375966599552207	0.06066132807992678	0.00000000000000000	0.02602767932942532	0.00000000000000000	0.00000000000000000	0.28014852117356931	0.00838714732511994	0.26555308078931456	0.00000000000000000	0.01121844683152475	0.08845332882898239	0.00000000000000000	0.00000000000000000	0.00000000000000000	0.00000000000000000	0.69173877359239389	0.75535155699669498
TCGA_PAAD_TCGA-3A-A9J0-01A	0.07024033668790793	0.00000000000000000	0.06200558150736394	0.00969706912240539	0.00000000000000000	0.07585046402322759	0.00000000000000000	0.06142706865224732	0.04541891021234865	0.00000000000000000	0.01206587166269230	0.02631703082387727	0.00000000000000000	0.38730636803916324	0.01516873127656511	0.21150682838549992	0.00000000000000000	0.00000000000000000	0.00826083648857486	0.00983828570494610	0.00000000000000000	0.00489661741318018	0.00000000000000000	0.75071484736722416	0.69556579454199341
TCGA_PAAD_TCGA-FB-AAQ3-01A	0.00000000000000000	0.00235915309860898	0.00000000000000000	0.03947598040955317	0.00000000000000000	0.18911144708108585	0.00070402165756427	0.01057710097780147	0.03975024956459056	0.00000000000000000	0.02146352450643559	0.00000000000000000	0.03711077525053476	0.20137081043634050	0.04513777849625941	0.31577330418204541	0.00000000000000000	0.03700013534290975	0.06016571899627032	0.00000000000000000	0.00000000000000000	0.00000000000000000	0.00000000000000000	0.59706197352307788	0.81034260926923241
TCGA_PAAD_TCGA-FB-AAQ1-01A	0.00347241140907411	0.01157602951571634	0.00037929442962378	0.02951046877683787	0.00000000000000000	0.17517211475777619	0.00000000000000000	0.00582563279139187	0.03648864174584263	0.00000000000000000	0.00000000000000000	0.02825941224791596	0.04065536974759829	0.29893753380795018	0.00921170194848255	0.27975713106503114	0.00000000000000000	0.00000000000000000	0.08075425775675919	0.00000000000000000	0.00000000000000000	0.00000000000000000	0.00000000000000000	0.73832696304702805	0.71095273951316862
TCGA_PAAD_TCGA-2J-AAB9-01A	0.01968208932636522	0.00000000000000000	0.02687021059145104	0.06445001043244636	0.00000000000000000	0.16567666758196867	0.00000000000000000	0.02892396111204095	0.06688427963922287	0.00000000000000000	0.00846913497509012	0.02869571136151830	0.03496776449754214	0.11757018133105707	0.02210128810707831	0.29156246746728143	0.02859001181642915	0.00037525147331650	0.08920189607803372	0.00000000000000000	0.00000000000000000	0.00597907420915819	0.00000000000000000	0.67815313484705664	0.77652481411910679
TCGA_PAAD_TCGA-2J-AABA-01A	0.10129495023915462	0.00000000000000000	0.08587614106326709	0.07401341914345176	0.00000000000000000	0.26339275587981409	0.00000000000000000	0.01888842460558256	0.05990916070245560	0.00000000000000000	0.00175224451512047	0.00000000000000000	0.00050272763832354	0.12364142048232629	0.00358112997778930	0.17770347926067176	0.00000000000000000	0.02469134993850117	0.06475279655354176	0.00000000000000000	0.00000000000000000	0.00000000000000000	0.00000000000000000	0.53119083058328453	0.85599683688444062
TCGA_PAAD_TCGA-2J-AABR-01A	0.05397292676951265	0.00000000000000000	0.01324330657245271	0.11469959053417338	0.00000000000000000	0.18073887618539444	0.01755613524691397	0.04324274454505365	0.04315217489207639	0.00000000000000000	0.00480359705350134	0.00594880105069487	0.03603671071331103	0.06231432824028359	0.04829446566375247	0.26387467647873908	0.01275360030763564	0.02891110636012663	0.06365104213706479	0.00000000000000000	0.00000000000000000	0.00680591724931342	0.00000000000000000	0.70105122063514913	0.76744186703278339
TCGA_PAAD_TCGA-FB-AAQ6-01A	0.05567702064323702	0.03524151314010684	0.01162831846231879	0.00156693856860716	0.00000000000000000	0.20505874831097484	0.00000000000000000	0.01479426464137529	0.12015657283945776	0.00000000000000000	0.03099501782983731	0.01925259609541350	0.00000000000000000	0.24878937874197007	0.03059523430046618	0.16589845151419144	0.00000000000000000	0.01641261669399534	0.04069894668873879	0.00000000000000000	0.00000000000000000	0.00323438152930965	0.00000000000000000	0.45246862332663690	0.89124516274016075
TCGA_PAAD_TCGA-2J-AABE-01A	0.00422962470619079	0.04336788169600340	0.00000000000000000	0.00920487901489522	0.00000000000000000	0.13242306545097593	0.00000000000000000	0.01633400808997275	0.03768372998904845	0.00000000000000000	0.02630066832629713	0.00000000000000000	0.12605779920724886	0.30511388177821652	0.00026022954487656	0.20143561544611105	0.02246979625984984	0.03048992641066741	0.03164747422448259	0.00314028951138856	0.00578493093107896	0.00405619941269597	0.00000000000000000	0.71069075473456733	0.73409557785451784
TCGA_PAAD_TCGA-2J-AABT-01A	0.03419154709470587	0.00000000000000000	0.00011536242227947	0.03619870661457536	0.00000000000000000	0.15514363499754616	0.01369927682238924	0.00069826420322139	0.04796035267575659	0.00000000000000000	0.02887294203144148	0.00000000000000000	0.07970475255126137	0.16476307172648480	0.01687236057315788	0.35427203139561320	0.00000000000000000	0.03535414706103802	0.03215354983052912	0.00000000000000000	0.00000000000000000	0.00000000000000000	0.00000000000000000	0.75295311030848122	0.71522620892094635
TCGA_PAAD_TCGA-FB-AAPQ-01A	0.04084775681487735	0.00000000000000000	0.00259083289423564	0.00737145609310964	0.00000000000000000	0.14480361102983466	0.00000000000000000	0.00982399643972212	0.02108739978967780	0.00000000000000000	0.05498000716953905	0.00000000000000000	0.00513119903453614	0.54053733075420574	0.01296109329424024	0.10448093524664755	0.00000000000000000	0.01162749867251345	0.00692253286462059	0.03683434990224006	0.00000000000000000	0.00000000000000000	0.00000000000000000	0.58679324723639248	0.81064671692007340
TCGA_PAAD_TCGA-HV-AA8V-01A	0.01666373773383653	0.00000000000000000	0.03117751802038929	0.02371843036344224	0.00000000000000000	0.10308855485920292	0.00000000000000000	0.02771392257763067	0.06728112532245092	0.00000000000000000	0.02324393186556209	0.02223485016958696	0.00268497222596975	0.33617020931239111	0.00673003168228676	0.22158205046691867	0.00955519811124479	0.01918069878944600	0.08118942128306245	0.00000000000000000	0.00000000000000000	0.00778534721657889	0.00000000000000000	0.76136909740363867	0.69680347045563729
TCGA_PAAD_TCGA-2J-AABV-01A	0.00308922603902316	0.01589210562797703	0.00000000000000000	0.17280331861961595	0.00000000000000000	0.09940639799183078	0.00000000000000000	0.04120797422441428	0.07164917251450678	0.00000000000000000	0.00000000000000000	0.04643675058870662	0.07070412939347043	0.00351045888663434	0.01059499266926026	0.28663608843832422	0.02326810804171138	0.01895356738962705	0.13093185386372985	0.00000000000000000	0.00000000000000000	0.00491585571116792	0.00000000000000000	0.50686264135186709	0.86520463891130805
TCGA_PAAD_TCGA-2J-AABF-01A	0.01163471979942125	0.01211338911973080	0.00000000000000000	0.07683462717184675	0.00000000000000000	0.15545100719787400	0.00000000000000000	0.01698920087542962	0.05560176332725819	0.00000000000000000	0.00546047418419174	0.02094715404178706	0.05546566746161326	0.14014940307050872	0.06424420245295974	0.28268694302824182	0.02071449112241128	0.00381836527082074	0.04977167083244651	0.00000000000000000	0.00000000000000000	0.02811692104345828	0.00000000000000000	0.76989205335058997	0.71380316656446641
TCGA_PAAD_TCGA-2J-AABU-01A	0.08579280150494524	0.00000000000000000	0.03490688421378389	0.05283209893620300	0.00000000000000000	0.18366093899079694	0.00000000000000000	0.02111735493454771	0.06282750834350212	0.00000000000000000	0.05797969165707884	0.00000000000000000	0.00328497809207608	0.19007782250816355	0.01477444033107035	0.21352488358494687	0.00000000000000000	0.01296459022006340	0.06625600668282193	0.00000000000000000	0.00000000000000000	0.00000000000000000	0.00000000000000000	0.62036294709363138	0.80695798542458297
TCGA_PAAD_TCGA-FB-AAPU-01A	0.10476710373722482	0.00000000000000000	0.05321619851196862	0.05738680521670510	0.00000000000000000	0.25694669263730463	0.00646659420182533	0.00867064260618996	0.08049705867040620	0.00000000000000000	0.04894005136871665	0.00000000000000000	0.00616373173027521	0.03493211795228439	0.00626516288862530	0.20683322998743356	0.04731917566242877	0.06318035051572189	0.00599549852297229	0.01241958578991724	0.00000000000000000	0.00000000000000000	0.00400000000000000	0.29874189124124995	0.96028048515743170
TCGA_PAAD_TCGA-2J-AABH-01A	0.00000000000000000	0.04216768087233387	0.00000000000000000	0.00588720301911484	0.00000000000000000	0.16718420843766987	0.00000000000000000	0.00000000000000000	0.03703211103914678	0.00000000000000000	0.02524905486793056	0.00154236343518308	0.01065769389996848	0.25749879739869164	0.02482405928107222	0.32809228945209551	0.01516115026325730	0.00000000000000000	0.06277162746703195	0.00000000000000000	0.00000000000000000	0.02193176056650395	0.00000000000000000	0.53679938713090747	0.84390384187150491
TCGA_PAAD_TCGA-FB-AAPY-01A	0.11083848801236608	0.01251525229229099	0.00969360053516861	0.06715113617326048	0.00000000000000000	0.16907092714350835	0.00000000000000000	0.04912452355240292	0.07327481967891496	0.00000000000000000	0.00769144960162774	0.00060199145756110	0.01558055896468453	0.11249634171525902	0.02491236767245225	0.25827083320567390	0.01145805906153867	0.03740568104956740	0.03771875699844505	0.00000000000000000	0.00000000000000000	0.00219521288527794	0.00000000000000000	0.79945153577583394	0.70822916676398318
TCGA_PAAD_TCGA-2J-AAB1-01A	0.01815654773860589	0.00286425345351500	0.00867320747690057	0.06297239322893430	0.00000000000000000	0.26242420810271350	0.00028972389470808	0.01222671196944479	0.02832287708286519	0.00000000000000000	0.03239216233445238	0.00000000000000000	0.06646387230144590	0.08866830786576196	0.09011594034411642	0.19662831331692701	0.01009645066184226	0.04629402753752745	0.07341100269023927	0.00000000000000000	0.00000000000000000	0.00000000000000000	0.00000000000000000	0.65729699179924062	0.78625876940091677
TCGA_PAAD_TCGA-XD-AAUG-01A	0.07142544603728902	0.00000000000000000	0.05573128767646717	0.03359189980180815	0.00000000000000000	0.26222846840599068	0.00000000000000000	0.00000000000000000	0.01607923677342432	0.00000000000000000	0.02299979752307696	0.00000000000000000	0.06772828045210599	0.01412114048312296	0.00504446647932101	0.29346254746576472	0.00000000000000000	0.05167952392881899	0.10233712392792685	0.00000000000000000	0.00000000000000000	0.00357078104488302	0.00000000000000000	0.50084522738164383	0.87186005373727204
TCGA_PAAD_TCGA-2J-AAB4-01A	0.00612135390619872	0.00383434846152940	0.00873478344523508	0.08188065054864323	0.00000000000000000	0.21280623574363208	0.00000000000000000	0.01885227815734871	0.06380977309045328	0.00000000000000000	0.02639279197895742	0.01101460658437806	0.06527939227055207	0.11388319247603061	0.05225824612211478	0.24925535303048305	0.00979190262079810	0.02565864350943914	0.05042644805420620	0.00000000000000000	0.00000000000000000	0.00000000000000000	0.00000000000000000	0.60514597736284081	0.81356646637800178
TCGA_PAAD_TCGA-2J-AABI-01A	0.18984239304903403	0.00379994188639396	0.00771642165983768	0.02224395993132366	0.00000000000000000	0.10155146986854011	0.00000000000000000	0.06230752406715310	0.07450831096012921	0.00000000000000000	0.00972432824072860	0.02474014546180197	0.02095853613419384	0.26615122061239777	0.01976200175942014	0.13837596351955173	0.00000000000000000	0.03426969551731015	0.02404808733218414	0.00000000000000000	0.00000000000000000	0.00000000000000000	0.00000000000000000	0.57116896121007277	0.82829959598811964
TCGA_PAAD_TCGA-FB-AAPZ-01A	0.05183355866612804	0.00000000000000000	0.01386621276361173	0.04098073134889718	0.00000000000000000	0.11349116331665669	0.01391418979286296	0.05315653497636208	0.03307298558677848	0.00271812559981139	0.01670524738021135	0.00000000000000000	0.00680909341350814	0.34641042993744608	0.02073770759551493	0.19998770473866528	0.00000000000000000	0.01405165546308871	0.06366643194467307	0.00000000000000000	0.00000000000000000	0.00859822747578386	0.00000000000000000	0.76823012287638570	0.69224835560490849
TCGA_PAAD_TCGA-XD-AAUH-01A	0.14670749451749199	0.20958217067488991	0.00000000000000000	0.09926443371866271	0.02903735267017624	0.11247212988591944	0.01128030295589795	0.04409918145896149	0.04477157384981115	0.00000000000000000	0.02183708461042685	0.00000000000000000	0.02307483368143022	0.03261858430659968	0.01963708944698510	0.16115258581752498	0.00000000000000000	0.00393026427413590	0.03959475752775578	0.00000000000000000	0.00000000000000000	0.00094016060333052	0.00000000000000000	0.80987727296166401	0.69084495773269672
TCGA_PAAD_TCGA-3A-A9IX-01A	0.13080826052896732	0.01610681253598231	0.00000000000000000	0.08650942342716259	0.00000000000000000	0.13758884040426417	0.00930176960904814	0.05700166727648676	0.04865062623774497	0.00000000000000000	0.04195386111900505	0.00000000000000000	0.06668496676891678	0.06050154388852722	0.00416710058361152	0.19511264829633387	0.00944530772905512	0.06863368440801530	0.06753348718687888	0.00000000000000000	0.00000000000000000	0.00000000000000000	0.00000000000000000	0.81734690291009449	0.71177380302468496
TCGA_PAAD_TCGA-2J-AABK-01A	0.05667684266830934	0.00349181842156361	0.00918496265707603	0.07936753242342871	0.00000000000000000	0.22479072482320914	0.00000000000000000	0.06506940691566430	0.01251101844405126	0.00000000000000000	0.02390010452138157	0.00000000000000000	0.00682741788398899	0.15145268881383561	0.04486210768888756	0.26742192893970357	0.00088624960990205	0.00277366000923322	0.02978140923381551	0.02100212694594995	0.00000000000000000	0.00000000000000000	0.00000000000000000	0.52492038643894878	0.85387421772287075
TCGA_PAAD_TCGA-2J-AAB6-01A	0.02334891427124859	0.00000000000000000	0.03877636441398404	0.01800107970581379	0.00000000000000000	0.07808583999201796	0.00000000000000000	0.02765127843810134	0.01450268366023837	0.00000000000000000	0.01829576519437410	0.00000000000000000	0.04020805537126151	0.28935086265765142	0.02329699590987273	0.32609281350230451	0.00000000000000000	0.02783566533432787	0.06526021090997451	0.00000000000000000	0.00526340439340641	0.00403006624542300	0.00000000000000000	0.70523013754428676	0.73239357552020612
TCGA_PAAD_TCGA-FB-AAQ0-01A	0.02274886106592589	0.00000000000000000	0.04370574548617765	0.00506055818063887	0.00000000000000000	0.22967667227834832	0.00000000000000000	0.02099835742426763	0.11375762213965160	0.00000000000000000	0.00000000000000000	0.03724910726252657	0.00000000000000000	0.29402475773986420	0.00919065442652359	0.13703705194035412	0.00000000000000000	0.01968832199234863	0.00000000000000000	0.06308453844829597	0.00000000000000000	0.00377775161507720	0.00000000000000000	0.41278636132267610	0.91314136036960070
TCGA_PAAD_TCGA-XD-AAUI-01A	0.25086691266507316	0.00000000000000000	0.00420885441522472	0.04007307389099332	0.00000000000000000	0.07415538097485425	0.00000000000000000	0.07452106948353580	0.05323087063112805	0.00000000000000000	0.04312145509981398	0.00000000000000000	0.02639139542908509	0.21848070851273507	0.01929116868787147	0.16965262876778456	0.00000000000000000	0.00538728718942736	0.00542437990454088	0.01519481434793216	0.00000000000000000	0.00000000000000000	0.00000000000000000	0.77730984614141330	0.70651981280727938
TCGA_PAAD_TCGA-2J-AAB8-01A	0.06524853291690638	0.00489326547939771	0.00840404819608313	0.05008086162359077	0.00000000000000000	0.18207080954777266	0.00000000000000000	0.06087801276759155	0.02961209943358838	0.00000000000000000	0.00189836044365784	0.00868415448641808	0.00000000000000000	0.21006167074030563	0.02133002814774324	0.27250453938203045	0.00434408547812442	0.03899068415360744	0.03454469492450965	0.00000000000000000	0.00000000000000000	0.00645415227867269	0.00000000000000000	0.65783490557928181	0.77759914919377637
TCGA_PAAD_TCGA-3A-A9IZ-01A	0.03026079696493361	0.00000000000000000	0.04983823043254115	0.00000000000000000	0.00000000000000000	0.16817094702988306	0.00000000000000000	0.03890138372256030	0.06184880553495110	0.00000000000000000	0.06372831888757347	0.02302049133078904	0.00000000000000000	0.24272426309943407	0.04931158136981837	0.14531561921796027	0.00000000000000000	0.00822014861451815	0.00000000000000000	0.04905261458600089	0.00237405574074902	0.06723274346828728	0.00600000000000001	0.25345639105920836	0.98819678730573035
TCGA_PAAD_TCGA-2J-AABO-01A	0.10339603464141950	0.00000000000000000	0.00974092062005576	0.02291784349462886	0.00000000000000000	0.16109655339796880	0.00000000000000000	0.01989841581411080	0.06324614063638431	0.01325494689763376	0.00000000000000000	0.00000000000000000	0.00014069047440402	0.23519489579468272	0.03358849708652293	0.24352334086413541	0.00000000000000000	0.00000000000000000	0.09400172027805312	0.00000000000000000	0.00000000000000000	0.00000000000000000	0.00000000000000000	0.69338302880076019	0.75839394222653267
TCGA_PAAD_TCGA-Z5-AAPL-01A	0.27227079735699422	0.14971749383133157	0.00000000000000000	0.08881621640951613	0.05701973119749056	0.08000987084086822	0.03728021700679950	0.04557339180876074	0.05424827842388232	0.00000000000000000	0.02265608398194980	0.00000000000000000	0.00157709977916058	0.05834182015503903	0.01797828889479409	0.08050096581806167	0.00000000000000000	0.03113841695478890	0.00287132754056285	0.00000000000000000	0.00000000000000000	0.00000000000000000	0.00000000000000000	0.88019300136450473	0.61692459072611483
TCGA_PAAD_TCGA-FB-AAQ2-01A	0.17317347514086776	0.02092642313164647	0.01724706506983257	0.04955549347158133	0.00000000000000000	0.07151610433395253	0.00000000000000000	0.09365037169421095	0.04294177786673313	0.00000000000000000	0.00000000000000000	0.00456342337495536	0.00501444441420167	0.27589407512195152	0.00551505922876336	0.17052364453703089	0.00000000000000000	0.02947464165569635	0.04000400095857612	0.00000000000000000	0.00000000000000000	0.00000000000000000	0.00000000000000000	0.62599121392486023	0.79654743064470113
TCGA_PAAD_TCGA-F2-6879-01A	0.01530174028615591	0.00000000000000000	0.00644736900764952	0.00000000000000000	0.00000000000000000	0.25541099267651823	0.00000000000000000	0.03537152186876411	0.03335642166811949	0.00000000000000000	0.01361832775960449	0.00000000000000000	0.00682170025965711	0.30228108268740905	0.04133911222292985	0.17363987425037905	0.01868880802129583	0.00437123608315437	0.07151050261004586	0.01044235403347230	0.00000000000000000	0.01139895656484486	0.00000000000000000	0.60111980181075142	0.80694060002329770
TCGA_PAAD_TCGA-HZ-7925-01A	0.05131639193246165	0.00000000000000000	0.01067328741983864	0.00000000000000000	0.00000000000000000	0.17529019152808434	0.00000000000000000	0.00859229156957327	0.06218186084401739	0.00000000000000000	0.01339366431559477	0.00000000000000000	0.00045725770018273	0.24144895143134595	0.00258656794509193	0.30168883508971056	0.00000000000000000	0.04390377249768772	0.02754251548181553	0.00000000000000000	0.00650648393660729	0.05441792830798812	0.00000000000000000	0.51434630331569686	0.85729251947151464
TCGA_PAAD_TCGA-IB-7651-01A	0.02330131900823937	0.00000000000000000	0.05168684833177196	0.05160035282562470	0.00000000000000000	0.18793477857417004	0.05563517714355206	0.00564224217114289	0.04157391538716519	0.00000000000000000	0.05309261768878206	0.00000000000000000	0.00089637447156916	0.15401376364754416	0.09263253833596134	0.21752164094052595	0.00000000000000000	0.00000000000000000	0.06127396002435558	0.00000000000000000	0.00000000000000000	0.00319447144959554	0.00000000000000000	0.62536273992922298	0.80479994359669949
TCGA_PAAD_TCGA-HZ-7926-01A	0.24830800459791405	0.00000000000000000	0.00000000000000000	0.08411969441673274	0.00324820646703782	0.16022672792025480	0.01704019546795252	0.01757312910090598	0.03661228100666199	0.00000000000000000	0.02695510514840248	0.00000000000000000	0.02728370752900508	0.06962807231443570	0.00000000000000000	0.15234226405542672	0.01676160214967435	0.06534450703305461	0.06432308828140867	0.00000000000000000	0.00135124615407882	0.00888216835705363	0.00000000000000000	0.62673875780812627	0.80689000809836253
TCGA_PAAD_TCGA-IB-7885-01A	0.06019085625655030	0.01127029427430015	0.03106107347209917	0.06427468055390359	0.00000000000000000	0.15215225562814996	0.00000000000000000	0.03102306214324995	0.05815424976863042	0.00000000000000000	0.00983036617226420	0.01232101858110784	0.02674780746494481	0.14255547759439027	0.03680119155922203	0.26808467325057506	0.00125205536310538	0.02389394595643025	0.03055235355420637	0.00000000000000000	0.00000000000000000	0.03983463840687017	0.00000000000000000	0.63081015011341579	0.80060838874187645
TCGA_PAAD_TCGA-IB-7652-01A	0.00348383711200788	0.01366165096378526	0.01659337659616218	0.01427513466558247	0.00000000000000000	0.10411983579696141	0.00000000000000000	0.01317236348955323	0.03000910765456955	0.00000000000000000	0.00796693140924644	0.00529462130243285	0.20469334177644008	0.19858915883034584	0.00444700494737173	0.30121366089075535	0.00274457170448098	0.01019903483816272	0.06953636802214193	0.00000000000000000	0.00000000000000000	0.00000000000000000	0.00000000000000000	0.72451861126864758	0.72702974033100531
TCGA_PAAD_TCGA-IB-7644-01A	0.02108690552385376	0.00000000000000000	0.00000000000000000	0.04156093389639274	0.00000000000000000	0.32490240380869034	0.00000000000000000	0.00000000000000000	0.05246465968228435	0.00000000000000000	0.00565899119538459	0.02563378576586308	0.02443010176327899	0.08687036632717750	0.01372306021743344	0.21431127496144714	0.04300009941436671	0.02778452629779372	0.10318275064069644	0.00000000000000000	0.00000000000000000	0.01539014050533717	0.00000000000000000	0.57336414046105177	0.83197287885449811
TCGA_PAAD_TCGA-IB-7887-01A	0.04179272829686131	0.00000000000000000	0.01306162442714671	0.10174813651052671	0.00000000000000000	0.19169712928008797	0.00333342600346361	0.02528994834131507	0.07453679087119923	0.00000000000000000	0.06322621657746062	0.00000000000000000	0.00000000000000000	0.14425554999136925	0.03494834268656990	0.15298277644846164	0.02535405864335712	0.00000000000000000	0.08133444181669512	0.00000000000000000	0.00000000000000000	0.04643883010548575	0.00000000000000000	0.41083513547346506	0.91102613608534477
TCGA_PAAD_TCGA-IB-7889-01A	0.09530616583466765	0.02766787695666467	0.00000000000000000	0.08456320506138665	0.00000000000000000	0.12167284832030231	0.00000000000000000	0.02689212839695828	0.04261478551069293	0.00000000000000000	0.00000000000000000	0.02225247019064226	0.07187596965569856	0.24588620934241914	0.02194981958115104	0.17163437328260175	0.00000000000000000	0.00225138642943359	0.06543276143738121	0.00000000000000000	0.00000000000000000	0.00000000000000000	0.00000000000000000	0.85732404506626825	0.65781630900631616
TCGA_PAAD_TCGA-IB-7646-01A	0.03271969493985055	0.00000000000000000	0.02827745311645500	0.01497695348333244	0.00000000000000000	0.13687545239489074	0.03956057517683126	0.03424199133673533	0.01096643123063455	0.00000000000000000	0.02001142666616561	0.01601886961144184	0.02291778447120741	0.14198940830488535	0.05207767197251693	0.25443777888302749	0.00110928178694396	0.07741987194771834	0.06288610585312628	0.00000000000000000	0.00000000000000000	0.05351324882423696	0.00000000000000000	0.58294715900025906	0.82591000671277903
TCGA_PAAD_TCGA-IB-7886-01A	0.04651380210241343	0.00000000000000000	0.01742069916906033	0.03385973269498899	0.00000000000000000	0.20132339248411107	0.02534557348113066	0.01742437698117446	0.02492281021594298	0.00000000000000000	0.03365580253812772	0.00000000000000000	0.00667223422023746	0.13178833287078962	0.06395812784467041	0.32744719033065695	0.00436231963277807	0.00000000000000000	0.05567793652760327	0.00000000000000000	0.00000000000000000	0.00962766890631445	0.00000000000000000	0.71580810086264113	0.74918808260007697
TCGA_PAAD_TCGA-IB-7893-01A	0.03341131457405932	0.00000000000000000	0.02703013830586209	0.00000000000000000	0.00000000000000000	0.21857070661103681	0.01316273742080604	0.00000000000000000	0.00000000000000000	0.00633162118624043	0.02179574086621303	0.00000000000000000	0.00445934297793295	0.35006871384509430	0.00557748466367381	0.24337985549366700	0.00000000000000000	0.02504193592424061	0.04379604423771405	0.00000000000000000	0.00000000000000000	0.00737436389345959	0.00000000000000000	0.76417606191159959	0.68733910907437079
TCGA_PAAD_TCGA-HZ-7919-01A	0.01263077858533235	0.00000000000000000	0.02491144892086346	0.00933088645183800	0.00000000000000000	0.25317308546824480	0.00659238725221874	0.03393775950768129	0.02765216670349502	0.00000000000000000	0.01230491344389308	0.03297694532235304	0.03040516981153608	0.09489757278053287	0.04824508949730107	0.22330958337630719	0.02151650045253118	0.03713476115047223	0.13098095127539966	0.00000000000000000	0.00000000000000000	0.00000000000000000	0.00000000000000000	0.62969271809920568	0.80686779906740946
TCGA_PAAD_TCGA-HZ-8001-01A	0.08960204972069133	0.00000000000000000	0.03668510931200073	0.07668729208565413	0.00000000000000000	0.10619802218265029	0.00238457946450065	0.03841591654029603	0.03206010113021777	0.00000000000000000	0.00144126826651614	0.01337252922209992	0.05618996293412846	0.08938888268535029	0.01493799396480985	0.30290579794318523	0.00581172885371879	0.01428533268427395	0.10336596713716735	0.00000000000000000	0.00000000000000000	0.01626746587273916	0.00000000000000000	0.81773565973951812	0.70579512769741393
TCGA_PAAD_TCGA-IB-7647-01A	0.21035127104061713	0.00000000000000000	0.00776089759284015	0.03906652243808151	0.00000000000000000	0.21648916754821740	0.01210655615738082	0.01948095726695300	0.02459975735017236	0.00000000000000000	0.00000000000000000	0.00036377984055751	0.02650926441545455	0.07698247153176260	0.01990750800434610	0.22153439759542334	0.00805271203385670	0.03721875898119172	0.07639918519126720	0.00000000000000000	0.00000000000000000	0.00317679301187798	0.00000000000000000	0.75789078147702349	0.73824991419436414
TCGA_PAAD_TCGA-IB-7897-01A	0.07392349263099507	0.00000000000000000	0.00000000000000000	0.08573927855751742	0.00000000000000000	0.28740137405670341	0.01810483604981268	0.00924062070153900	0.00607317768593414	0.01247971841686743	0.00000000000000000	0.00166668407818780	0.06628262891192835	0.04237204815152069	0.02419120969354438	0.21094371844740462	0.03637030424441056	0.03405336988535355	0.07711695894873959	0.00000000000000000	0.00000000000000000	0.01404057953954141	0.00000000000000000	0.74267957495227843	0.74649258822426801
TCGA_PAAD_TCGA-IB-7888-01A	0.11171375457303065	0.05282719836752959	0.03818126403480698	0.03579144522398154	0.00000000000000000	0.21189376209809799	0.01510665126534931	0.00000000000000000	0.03906756902347815	0.00000000000000000	0.04490045588112113	0.00000000000000000	0.05087436191498711	0.04439358698966428	0.01549846449499850	0.25911567705400840	0.00228861593583542	0.00422493820847405	0.02616761960657425	0.00489288687959749	0.00000000000000000	0.04306174844846512	0.00000000000000000	0.59533893391219350	0.82508713441415515
TCGA_PAAD_TCGA-HZ-8002-01A	0.05070071196270069	0.00000000000000000	0.01179970661889517	0.06227358621974985	0.00000000000000000	0.23229527163873279	0.00003350267063590	0.02130968248375375	0.01265986404423629	0.00000000000000000	0.01348199545243308	0.00995699517450051	0.08598188561886547	0.10863782959273058	0.01454170487404077	0.23123157754546389	0.01877899833611435	0.02346527752142085	0.09083709043935501	0.00000000000000000	0.00000000000000000	0.01201431980637093	0.00000000000000000	0.75823393131223715	0.73675373869216088
TCGA_PAAD_TCGA-HZ-7922-01A	0.12360872051760249	0.00000000000000000	0.01898628407352551	0.01517698949787234	0.00000000000000000	0.18678363068924766	0.00280122786647526	0.03290754306803969	0.02463158974737982	0.00000000000000000	0.00075358266965577	0.00647128231117583	0.01623399135376342	0.15213211838025523	0.05137223185470972	0.19976978922538630	0.01692519507780097	0.01303776076335065	0.11733820327779716	0.00000000000000000	0.00000000000000000	0.02106985962596241	0.00000000000000000	0.63270811058432130	0.80477520202471287
TCGA_PAAD_TCGA-HZ-8003-01A	0.06244813320119449	0.00463272895457132	0.02721293587170700	0.05332667035811139	0.00000000000000000	0.20252005549079830	0.00990388228845959	0.02079052441107512	0.02032986060244516	0.00000000000000000	0.02927822029890277	0.00000000000000000	0.03376742757928691	0.20965341861152367	0.05107316223640884	0.20218455875087180	0.00000000000000000	0.01322102210666613	0.04500129621995903	0.00000000000000000	0.00000000000000000	0.01465610301801855	0.00000000000000000	0.73058233941401518	0.74185494136195440
TCGA_PAAD_TCGA-IB-7649-01A	0.02139359518886583	0.00000000000000000	0.01803339291194721	0.04867175454496597	0.00000000000000000	0.20651709744631089	0.01847293969291714	0.00000000000000000	0.03127181518353010	0.00000000000000000	0.01913185172289981	0.00000000000000000	0.13696707818761739	0.12136386548495599	0.01810706806418899	0.18734679402602555	0.01633285883640651	0.02184918413792964	0.13454070457143888	0.00000000000000000	0.00000000000000000	0.00000000000000000	0.00000000000000000	0.79604179863957292	0.71963536142703488
TCGA_PAAD_TCGA-IB-7645-01A	0.08557816341654929	0.00000000000000000	0.00197687149101042	0.05167617959121201	0.00000000000000000	0.21692477038474911	0.01844313559323186	0.00383600571605131	0.03753909025785000	0.00126292946814962	0.02102189116002029	0.00000000000000000	0.03608512917267609	0.16081339786561349	0.03102310121559364	0.26934148519948720	0.00367570628238212	0.01719147550231787	0.03481980339471694	0.00000000000000000	0.00000000000000000	0.00879086428838865	0.00000000000000000	0.74109696302588424	0.73480549797528250
TCGA_PAAD_TCGA-IB-7890-01A	0.00000000000000000	0.01148942670299475	0.04021589078931695	0.00939932951913672	0.00000000000000000	0.13146809947800409	0.00074081196129963	0.00000000000000000	0.01740319333375807	0.00000000000000000	0.03521998937359293	0.00000000000000000	0.00000000000000000	0.33346489461141704	0.00347015010024709	0.32388772028724366	0.00000000000000000	0.00684918817761663	0.08018315727016641	0.00000000000000000	0.00000000000000000	0.00620814839520604	0.00000000000000000	0.82483104750387892	0.63145763123638310
TCGA_PAAD_TCGA-IB-7891-01A	0.04362783600373443	0.00000000000000000	0.06074532506810974	0.04983990944162298	0.00000000000000000	0.16753088518411152	0.01801332686205906	0.02100581620280635	0.04724858986672033	0.00000000000000000	0.00399180508618732	0.00000000000000000	0.04026904734523076	0.15139787864453547	0.06360993268710259	0.20699546402621635	0.02782336994996402	0.01763965425330954	0.07021263111660245	0.00000000000000000	0.00000000000000000	0.01004852826168728	0.00000000000000000	0.74983526473457074	0.74507635875169753
TCGA_PAAD_TCGA-H6-8124-01A	0.06100024704637613	0.00000000000000000	0.03262658935014998	0.00000000000000000	0.00000000000000000	0.11443553315635017	0.00528845835767820	0.03243674029021344	0.06975823881660943	0.00000000000000000	0.02919830422077653	0.00666796361206275	0.00000000000000000	0.45301745879887739	0.01581852965597598	0.13489926408223887	0.00000000000000000	0.00000000000000000	0.04238538214408092	0.00000000000000000	0.00246729046861033	0.00000000000000000	0.00000000000000000	0.51615935352233600	0.85731577418839100
TCGA_PAAD_TCGA-HZ-8315-01A	0.01271982037327730	0.01470560464853086	0.02712288338232599	0.00176401303121535	0.00000000000000000	0.18869302485239861	0.00918285600836481	0.03500773745272893	0.01393714917081462	0.01164844945185040	0.00472330254726860	0.01405198912343576	0.01775374891373804	0.14326854044862702	0.08514861917454418	0.27293076492015966	0.01748178783176229	0.01174517055199298	0.10718331929943492	0.00000000000000000	0.00000000000000000	0.01093121881752972	0.00000000000000000	0.59887382261256594	0.81663728600493013
TCGA_PAAD_TCGA-HZ-8317-01A	0.07623238546717929	0.00000000000000000	0.00000000000000000	0.00009561108619604	0.00000000000000000	0.18346923436245796	0.00000000000000000	0.00175071657769708	0.02709196125786079	0.00000000000000000	0.03161724894761622	0.00181515648993733	0.03153192971180130	0.10728929761449905	0.01534307411263798	0.29620595333536831	0.00000000000000000	0.04135956045459509	0.10111566039551448	0.04556670198522732	0.00000000000000000	0.03951550820141165	0.00000000000000000	0.51540198476122168	0.86007986792957114
TCGA_PAAD_TCGA-HZ-8519-01A	0.07125656489199826	0.00000000000000000	0.00687984346856357	0.06820447057888659	0.00000000000000000	0.22853887845887128	0.00000000000000000	0.04559897394503152	0.01877787886724405	0.00000000000000000	0.01697195799417807	0.00000000000000000	0.01922172978037291	0.14306664026625693	0.04585749332275222	0.22079975931957715	0.02617601509839800	0.00000000000000000	0.08864979400786928	0.00000000000000000	0.00000000000000000	0.00000000000000000	0.00000000000000000	0.73465192530262147	0.74548645596233731
TCGA_PAAD_TCGA-HZ-8636-01A	0.00248874026684244	0.00417164851388892	0.00087078621242628	0.01020841518866237	0.00000000000000000	0.23825381765018999	0.00000000000000000	0.01571888867210866	0.03359292538261949	0.00000000000000000	0.00953280783434635	0.00000000000000000	0.08491706872332555	0.16844965268724713	0.02085672293558551	0.27367288715835847	0.04104432203020026	0.02900242493601666	0.03765133743129552	0.02455968943136774	0.00000000000000000	0.00500786494551852	0.00000000000000000	0.80792704053946063	0.68511939471252803
TCGA_PAAD_TCGA-HZ-8637-01A	0.05726155928441488	0.02127363479180433	0.00000000000000000	0.05223676540814431	0.00000000000000000	0.11190285077467206	0.02089347993349982	0.03479287304826924	0.06267264114125962	0.00000000000000000	0.01467716252242373	0.01908679085970940	0.01829944818039710	0.17427560934233535	0.11309830433492821	0.21267461127207279	0.01117707301328025	0.00000000000000000	0.05964900151041597	0.00000000000000000	0.00000000000000000	0.01602819458237300	0.00000000000000000	0.74680128362571385	0.72876365103907192
TCGA_PAAD_TCGA-IB-8127-01A	0.00495035288296740	0.00655438649013436	0.00900366533296255	0.01954598212569241	0.00000000000000000	0.19662525983156334	0.01311647278462532	0.01409692855485425	0.04243594789092524	0.02189888352803522	0.02315144111582695	0.00000000000000000	0.04573257554346270	0.23763620671683597	0.01738129024546499	0.24614670385905105	0.00000000000000000	0.02777719679794930	0.07394670629964913	0.00000000000000000	0.00000000000000000	0.00000000000000000	0.00000000000000000	0.77982202752822816	0.70084727376680322
TCGA_PAAD_TCGA-IB-8126-01A	0.11313258253125234	0.00000000000000000	0.00000000000000000	0.09862950034078577	0.00000000000000000	0.29431448793846099	0.03077917596066383	0.06677352215852060	0.01010130395899133	0.03115592948585440	0.01594348905015433	0.00000000000000000	0.01930142694160181	0.02772463526134097	0.03102803765856112	0.17953125967093714	0.00000000000000000	0.02868230087169379	0.04052441096008963	0.00000000000000000	0.00000000000000000	0.01237793721109194	0.00000000000000000	0.75470215639146387	0.72495860652619570
TCGA_PAAD_TCGA-F2-A44H-01A	0.00559443565471628	0.01483260103699241	0.00000000000000000	0.00249812930968903	0.00000000000000000	0.11225771737426818	0.00000000000000000	0.02997642222914177	0.03753511484318664	0.00000000000000000	0.00108628604530380	0.02198672488227314	0.04890266419876559	0.52783911605323919	0.01192148979138057	0.14269531916162229	0.00000000000000000	0.00000000000000000	0.02236621372267901	0.02050776569674225	0.00000000000000000	0.00000000000000000	0.00000000000000000	0.87014396405318428	0.54845384398322516
TCGA_PAAD_TCGA-FB-A4P6-01A	0.04943163326645031	0.00000000000000000	0.00000000000000000	0.11382483072732923	0.00000000000000000	0.22003614059979437	0.00000000000000000	0.01562414752552546	0.07252885318945342	0.00000000000000000	0.02970722538528742	0.00000000000000000	0.05632076704689273	0.01617324136457814	0.01366117328424634	0.23331231827951812	0.00949589486712582	0.02637525567613092	0.14350851878766763	0.00000000000000000	0.00000000000000000	0.00000000000000000	0.00000000000000000	0.65285795156700466	0.79283785890601033
TCGA_PAAD_TCGA-FB-A4P5-01A	0.19774381658805734	0.00000000000000000	0.01349737710165735	0.17735611319122635	0.00000000000000000	0.13154568034694988	0.00955699208123814	0.05979035189537921	0.06380166238267154	0.00000000000000000	0.01126823042109004	0.00000000000000000	0.02101449851821709	0.10391886954262335	0.03590729283461872	0.14742531651039723	0.00000000000000000	0.00625034989167904	0.02092344869419471	0.00000000000000000	0.00000000000000000	0.00000000000000000	0.00000000000000000	0.81524218050247454	0.68781877154264170
TCGA_PAAD_TCGA-H6-A45N-01A	0.07986009617754485	0.01375337586042739	0.02167120191629347	0.04724643633077987	0.00000000000000000	0.08723847477466576	0.00000000000000000	0.04865590370968421	0.06185262835231774	0.00000000000000000	0.01754331576805326	0.00000000000000000	0.01968037067475187	0.30809992524794483	0.03182067847055838	0.20704695966165149	0.00139860031515674	0.00488956606252753	0.04924246667764277	0.00000000000000000	0.00000000000000000	0.00000000000000000	0.00000000000000000	0.84235409587595000	0.64863994398152880
TCGA_PAAD_TCGA-HV-A5A3-01A	0.00000000000000000	0.04518357111793097	0.14508874511278860	0.00000000000000000	0.00000000000000000	0.13448039759276734	0.00000000000000000	0.02077248431688981	0.07417910733726038	0.00000000000000000	0.03726082668294611	0.00170148012845398	0.00000000000000000	0.31790106510847449	0.01136028010173237	0.16903128502360737	0.00000000000000000	0.02442294631840820	0.01373600625759405	0.00000000000000000	0.00000000000000000	0.00488180490114618	0.00000000000000000	0.44256482927542401	0.89735347961111356
TCGA_PAAD_TCGA-HV-A5A5-01A	0.05840113148865131	0.00000000000000000	0.01656941856774072	0.00659049789024935	0.00000000000000000	0.23117781682733327	0.00000000000000000	0.06562277656659325	0.05013171793558144	0.00000000000000000	0.06250994063843249	0.00000000000000000	0.02974435210519909	0.19436772513430331	0.02748266105762518	0.19268210944382297	0.00765837904295960	0.02092209401150150	0.03351106817938476	0.00000000000000000	0.00000000000000000	0.00262831111062154	0.00000000000000000	0.67692052464836661	0.77368890966159642
TCGA_PAAD_TCGA-HV-A5A4-01A	0.01982528081300344	0.00255726204918309	0.00928643773842001	0.00179483432899409	0.00000000000000000	0.19538093337388493	0.00000000000000000	0.02035589787851939	0.04933786725749558	0.00000000000000000	0.01273974342038562	0.05174224009582514	0.00000000000000000	0.32436936124935301	0.02468320430020492	0.22189663119131917	0.00000000000000000	0.01430418046271127	0.05172612584070046	0.00000000000000000	0.00000000000000000	0.00000000000000000	0.00000000000000000	0.67810455398732072	0.75375235781406602
TCGA_PAAD_TCGA-HZ-A49H-01A	0.04738421959870687	0.00000000000000000	0.05427054368650439	0.06258327410468348	0.00000000000000000	0.19024711605977029	0.04041005391825381	0.03504666522182931	0.01442128254377158	0.02222899927642241	0.02324470953164116	0.00000000000000000	0.03208467628118823	0.01233649383124821	0.03936260956265160	0.23155429061597119	0.01169179587052528	0.02990423991675501	0.13354379254219295	0.00000000000000000	0.00000000000000000	0.01968523743788420	0.00000000000000000	0.69861248348454363	0.78226256022411922
TCGA_PAAD_TCGA-HV-A5A6-01A	0.00649773857488756	0.00000000000000000	0.00254257488977734	0.01065846818712440	0.00000000000000000	0.16696055019937853	0.00000000000000000	0.01548948065217708	0.04207470527590576	0.00000000000000000	0.02993821090049450	0.00777882003608227	0.03258438387392851	0.51920139278255817	0.01720498416480953	0.12595499106457336	0.00000000000000000	0.01671324349335536	0.00000000000000000	0.00640045590494765	0.00000000000000000	0.00000000000000000	0.00000000000000000	0.71747795704315065	0.70353739252308589
TCGA_PAAD_TCGA-HZ-A49G-01A	0.01110495125540271	0.00000000000000000	0.01113536322386740	0.02002566585503404	0.00000000000000000	0.16201404306590303	0.00831134308281248	0.01851879920730463	0.04949064071833752	0.00000000000000000	0.01186995507842374	0.00000000000000000	0.11758028821430613	0.33998650599026820	0.01675577252062724	0.17566730411261824	0.00000000000000000	0.00729115664501006	0.05024821103008451	0.00000000000000000	0.00000000000000000	0.00000000000000000	0.00000000000000000	0.85420139485534252	0.62509053446539542
TCGA_PAAD_TCGA-HZ-A4BH-01A	0.06906902871320876	0.04929777966813247	0.00000000000000000	0.05764073346561709	0.00000000000000000	0.10230140749311831	0.00359764771493716	0.08548702247729560	0.04308337534299829	0.00000000000000000	0.03059382044399548	0.00000000000000000	0.00369289040370329	0.22493801050093534	0.07830046628250166	0.18313983839900316	0.00000000000000000	0.02765465403993392	0.04120332505461947	0.00000000000000000	0.00000000000000000	0.00000000000000000	0.00000000000000000	0.79544283010085093	0.69691630423874285
TCGA_PAAD_TCGA-HZ-A49I-01A	0.06022634253201037	0.00000000000000000	0.00000000000000000	0.03141230847825810	0.00000000000000000	0.13258995643241681	0.00000000000000000	0.03186158875183238	0.02746593456684353	0.00000000000000000	0.03098610902321834	0.00053560869327702	0.25759731160814053	0.24645640786472234	0.00480500023461809	0.11588580405962998	0.00000000000000000	0.02986352680984443	0.02922842474531590	0.00000000000000000	0.00108567619987229	0.00000000000000000	0.00000000000000000	0.79791894552811726	0.68590716479187164
TCGA_PAAD_TCGA-HZ-A4BK-01A	0.03911979951611759	0.00000000000000000	0.00241211076357142	0.07802632187369611	0.00000000000000000	0.10704920831383537	0.00000000000000000	0.02925990210761761	0.09090360649439801	0.00000000000000000	0.03338039834108927	0.00000000000000000	0.08390320154265711	0.23305786285166852	0.02215310192892320	0.19135399833660557	0.00000000000000000	0.00000000000000000	0.08938048792982013	0.00000000000000000	0.00000000000000000	0.00000000000000000	0.00000000000000000	0.81434118411622280	0.68696060094009370
TCGA_PAAD_TCGA-M8-A5N4-01A	0.00170472074801188	0.01785306419674892	0.00000000000000000	0.02809355426377004	0.00000000000000000	0.12020335744401667	0.00000000000000000	0.01156880337577868	0.05161404556034956	0.00000000000000000	0.02401211977297479	0.02764247955403354	0.04696896442312889	0.25543314154059404	0.06401563192006104	0.23357943718871768	0.00000000000000000	0.02627540264551535	0.03275233841327532	0.00000000000000000	0.00879099399085743	0.04949194496216618	0.00000000000000000	0.56096026747419969	0.82984696712344697
TCGA_PAAD_TCGA-F2-A44G-01A	0.00000000000000000	0.01939889563250913	0.00000000000000000	0.02336111295443671	0.00000000000000000	0.16122644722661583	0.00000000000000000	0.01920781032897446	0.02735329501105946	0.00000000000000000	0.00000000000000000	0.02918546151891026	0.00000000000000000	0.25564407490928748	0.04389436385802101	0.20529244931143112	0.00733974298453985	0.06671149313706491	0.09185391004168443	0.00000000000000000	0.00140725705639486	0.04812368602907056	0.00000000000000000	0.37550220819810542	0.93162843316063793
TCGA_PAAD_TCGA-HZ-8005-01A	0.00000000000000000	0.00117118707328658	0.01677845609076458	0.02097755622742744	0.00000000000000000	0.18761569026400085	0.01659040285297470	0.00901047049925039	0.00756348013982909	0.00000000000000000	0.08557795433638105	0.00000000000000000	0.00609114823744200	0.19861723479079949	0.13786702434288567	0.25358899620640313	0.00000000000000000	0.00000000000000000	0.04912296904633385	0.00000000000000000	0.00000000000000000	0.00942742989222134	0.00000000000000000	0.61275570080547426	0.79870275572241212
TCGA_PAAD_TCGA-PZ-A5RE-01A	0.01630330545176123	0.00000000000000000	0.00099086041430829	0.00000000000000000	0.00000000000000000	0.13021460361231005	0.00000000000000000	0.00109771342371477	0.06006225287299919	0.00000000000000000	0.04635321902398953	0.00000000000000000	0.00478309202206291	0.32543603295676954	0.00538452846079736	0.29339132099047965	0.02120007261017958	0.02529764017122667	0.06129723090067569	0.00000000000000000	0.00000000000000000	0.00818812708872560	0.00000000000000000	0.75902023290668597	0.68846166715577717
TCGA_PAAD_TCGA-FB-A78T-01A	0.00000000000000000	0.00509153719987899	0.00000000000000000	0.04397256998875456	0.00000000000000000	0.19120798951467219	0.00000000000000000	0.00858667363017369	0.04647943926348744	0.00000000000000000	0.03694163138472076	0.00000000000000000	0.10920556668590471	0.30213371886785884	0.02002271420048964	0.16651973320166694	0.01558160791353737	0.01107296567431316	0.04318385247454151	0.00000000000000000	0.00000000000000000	0.00000000000000000	0.00000000000000000	0.68117198480237284	0.75673360570231596
TCGA_PAAD_TCGA-FB-A5VM-01A	0.03576600211291909	0.04357676645033304	0.00000000000000000	0.08027847275397668	0.00000000000000000	0.07435158459810445	0.00000000000000000	0.04384856236893712	0.05825183504545835	0.00000000000000000	0.03502155496165284	0.00298815954849832	0.03144612702549638	0.25362105637641119	0.01454992524984029	0.24327780516039813	0.00000000000000000	0.03209775832615694	0.05092439002181725	0.00000000000000000	0.00000000000000000	0.00000000000000000	0.00000000000000000	0.84975043326247934	0.65124846796800240
TCGA_PAAD_TCGA-US-A774-01A	0.09232889562442945	0.00000000000000000	0.03452946067897358	0.08399608171339146	0.00000000000000000	0.07578089336757779	0.00000000000000000	0.03640560575892208	0.06121492816741189	0.00000000000000000	0.01781518685050917	0.02748509444699436	0.01410284913465278	0.16640311115092657	0.04455826088999402	0.21663148342738861	0.00207494881653975	0.00000000000000000	0.11222316230851638	0.00000000000000000	0.00000000000000000	0.01445003766377212	0.00000000000000000	0.71814280276189757	0.75840924468540782
TCGA_PAAD_TCGA-OE-A75W-01A	0.00000000000000000	0.00000000000000000	0.00000000000000000	0.11760693669854473	0.00000000000000000	0.24018159763298264	0.00000000000000000	0.03007580800023692	0.01530544708235986	0.00000000000000000	0.02919388418009065	0.01565307858433793	0.01881984604956065	0.26709348377867886	0.02896093078485780	0.16474703984718780	0.00000000000000000	0.03664171782197862	0.03572022953918372	0.00000000000000000	0.00000000000000000	0.00000000000000000	0.00000000000000000	0.70434388644015566	0.74114043449918909
TCGA_PAAD_TCGA-US-A779-01A	0.01512514395902535	0.03838177678458975	0.00150440981727977	0.02015191197711036	0.00000000000000000	0.19699596470743941	0.00000000000000000	0.00685556411755862	0.03451194948973702	0.00000000000000000	0.01019726338553958	0.01258006018898070	0.00000000000000000	0.33562184746815205	0.00626341814331031	0.24160910088938017	0.00000000000000000	0.01117227545329087	0.06902931361860605	0.00000000000000000	0.00000000000000000	0.00000000000000000	0.00000000000000000	0.50985561157185511	0.86023396239778382
TCGA_PAAD_TCGA-IB-A5SP-01A	0.01765255157432714	0.00000000000000000	0.00418612855757920	0.00000000000000000	0.00000000000000000	0.19958452202576774	0.00000000000000000	0.01423870729904360	0.03883085264200960	0.00000000000000000	0.01521638180287651	0.04687917151915280	0.00919466512132009	0.30372289087103999	0.01473189696781992	0.22071064557850298	0.00234216596400695	0.02695889870648634	0.08575052137006718	0.00000000000000000	0.00000000000000000	0.00000000000000000	0.00000000000000000	0.55854400136006155	0.83152763634358007
TCGA_PAAD_TCGA-IB-A5SQ-01A	0.05019080211775707	0.00965258651077757	0.01421500887695210	0.03832521630155868	0.00000000000000000	0.13748696925404669	0.00000000000000000	0.01805175225943909	0.04645075541666088	0.00000000000000000	0.01375708625185882	0.00000000000000000	0.01413574088073465	0.31537411581298519	0.02199225580425970	0.25162040713568823	0.00681271812176730	0.02642556220729174	0.03523876512501895	0.00000000000000000	0.00000000000000000	0.00027025792320336	0.00000000000000000	0.83807100641517296	0.63764279026332982
TCGA_PAAD_TCGA-US-A77G-01A	0.03364564741188194	0.00000000000000000	0.00000000000000000	0.05125228370118290	0.00000000000000000	0.28412321729548429	0.00000000000000000	0.01864565601985423	0.05100251409077804	0.00000000000000000	0.01557924712584428	0.01334304990645753	0.05783463839133531	0.11510035275591540	0.03548385003599484	0.23086830198617600	0.00699349668511583	0.03534432538132114	0.05078341921265856	0.00000000000000000	0.00000000000000000	0.00000000000000000	0.00000000000000000	0.38416166505140481	0.92390965690339277
TCGA_PAAD_TCGA-US-A77E-01A	0.02210670281812092	0.06139234899084342	0.00000000000000000	0.00000000000000000	0.00000000000000000	0.22810959193365768	0.00000000000000000	0.04606005987431520	0.04983925316775311	0.00000000000000000	0.00000000000000000	0.05611035831491881	0.00120079396925557	0.37825321465178019	0.01492252966782895	0.10836063846519443	0.00000000000000000	0.00277634213700296	0.01397837000432032	0.01096674936476540	0.00000000000000000	0.00592304664024302	0.00000000000000000	0.53201075832982614	0.84649112183059250
TCGA_PAAD_TCGA-Q3-A5QY-01A	0.16649553671039005	0.18057956488471286	0.00000000000000000	0.06048492114615047	0.09040332169452973	0.08403389874069923	0.02494819363760193	0.05763352746990971	0.04583921836782765	0.00000000000000000	0.03129972533409872	0.00000000000000000	0.01254744063146842	0.09429308960714720	0.00000000000000000	0.11187796774651816	0.00000000000000000	0.03681167351366445	0.00000000000000000	0.00275192051528135	0.00000000000000000	0.00000000000000000	0.00000000000000000	0.87532148160189538	0.64114384652492262
TCGA_PAAD_TCGA-IB-A5ST-01A	0.26502171689163051	0.04034309922220766	0.00669841345415399	0.03980363665712528	0.01413902553392817	0.13990878969555098	0.00449089735927908	0.00712662633134383	0.06126090228860788	0.00000000000000000	0.03107426835377821	0.00000000000000000	0.02034720090865800	0.16887058645464353	0.01594344815802373	0.14814821912192483	0.00000000000000000	0.00256018026053648	0.01061884316013938	0.00993797604808288	0.00000000000000000	0.01370617010038548	0.00000000000000000	0.76665976976770767	0.71516856023020547
TCGA_PAAD_TCGA-IB-A5SO-01A	0.13132587119713757	0.03767670998339103	0.02652192628804748	0.06000894725773646	0.00000000000000000	0.09078588980959407	0.00417008461365745	0.03763972404583991	0.03059362725176032	0.00000000000000000	0.01782854815538967	0.00000000000000000	0.00000000000000000	0.28738682961123335	0.01913718014889735	0.19378701447629243	0.00000000000000000	0.02218319454879404	0.04095445261222890	0.00000000000000000	0.00000000000000000	0.00000000000000000	0.00000000000000000	0.79183702399989309	0.69163495536419295
TCGA_PAAD_TCGA-IB-A5SS-01A	0.03622986093605363	0.00000000000000000	0.01091512101049738	0.00146723133329208	0.00000000000000000	0.11960839003919516	0.00000000000000000	0.03000631850986351	0.03152938297599921	0.00000000000000000	0.03009280155228504	0.00715743389773666	0.02143157127370134	0.36008951180145687	0.01825268155473080	0.25892349920401952	0.00000000000000000	0.01334955982130242	0.04888636309008493	0.00000000000000000	0.00000000000000000	0.01206027299978138	0.00000000000000000	0.68520835331024543	0.74240047213595195
TCGA_PAAD_TCGA-IB-A6UF-01A	0.03771757847706898	0.00000000000000000	0.05487979864831100	0.01536607095855259	0.00000000000000000	0.17399129125046392	0.00000000000000000	0.00863131047137400	0.00243977775655018	0.00000000000000000	0.02482158357711793	0.00693696281219862	0.06048596051988908	0.13393404272657719	0.01547557435885416	0.31833795431075779	0.00000000000000000	0.01265234591030179	0.12950445993936624	0.00000000000000000	0.00000000000000000	0.00482528828261672	0.00000000000000000	0.36727526329039556	0.93199884587829263
TCGA_PAAD_TCGA-HV-A7OL-01A	0.23897830037292014	0.00000000000000000	0.01377527036311915	0.08447121573047559	0.00000000000000000	0.03627544975221585	0.00000000000000000	0.10128995418992404	0.08177121281637562	0.00000000000000000	0.00000000000000000	0.04253162216658635	0.00685953919891182	0.14650398966231809	0.03305938995169126	0.12342047476618231	0.00000000000000000	0.01966976893658000	0.05283565070932278	0.00000000000000000	0.00000000000000000	0.01855816138337703	0.00000000000000000	0.75376669571086952	0.73303594982631592
TCGA_PAAD_TCGA-IB-A6UG-01A	0.19134749369058227	0.00978292757211906	0.01587470060893474	0.06897692612229202	0.00000000000000000	0.11474081148423378	0.00162295879123121	0.09744116494880523	0.07497936783109112	0.00000000000000000	0.01232093197114458	0.02025603144062635	0.01927369169135183	0.09471496210492832	0.01569817083628384	0.15136776690886938	0.00123981517708517	0.02647519162652998	0.08191285110565932	0.00000000000000000	0.00000000000000000	0.00197423608823177	0.00000000000000000	0.50785390018818599	0.86627168216477457
TCGA_PAAD_TCGA-HZ-A77P-01A	0.04335146150055440	0.00000000000000000	0.00094389367033120	0.06978739923231866	0.00000000000000000	0.15367863390717929	0.00000000000000000	0.01465093046477299	0.03512657926870625	0.00000000000000000	0.04102256161893485	0.00000000000000000	0.04147311753617936	0.08626480230540071	0.01884479114482790	0.37515263584052710	0.00535501919164394	0.00873192075049879	0.10561625356812457	0.00000000000000000	0.00000000000000000	0.00000000000000000	0.00000000000000000	0.67979194193024672	0.77060194253077230
TCGA_PAAD_TCGA-HZ-A77O-01A	0.00766951135286597	0.00758595611765548	0.02168444952401992	0.03681676010338545	0.00000000000000000	0.06198315987591093	0.00000000000000000	0.02307902529246837	0.07925243689484601	0.00000000000000000	0.04270400103207753	0.01303576994701731	0.01242690896075747	0.24870608628941926	0.06187294188472012	0.28703849178768887	0.02311559428325021	0.00293482464182858	0.05469175734911152	0.00000000000000000	0.00000000000000000	0.01540232466297697	0.00000000000000000	0.71340496183470081	0.73556061763213088
TCGA_PAAD_TCGA-LB-A7SX-01A	0.00939650503848290	0.03046106136499407	0.15646392926905234	0.07516340482792515	0.00000000000000000	0.19700497172724113	0.00000000000000000	0.08050484726528909	0.03388208786275224	0.00000000000000000	0.01659630046590579	0.01140888841560193	0.00690828209837690	0.15767532328745809	0.00479535336002241	0.13328534945269496	0.00000000000000000	0.00911532981402465	0.04430711052785770	0.01923839207817958	0.00000000000000000	0.01379286314414103	0.20999999999999996	0.08990552165752946	1.04107647190782249
TCGA_PAAD_TCGA-RB-A7B8-01A	0.05048843249925671	0.01065508252878354	0.00693611699249142	0.06399351975078056	0.00000000000000000	0.22185051452130652	0.00000000000000000	0.03224346879174310	0.06736170540163523	0.00000000000000000	0.00565565056989184	0.03404414172183352	0.00237227726658063	0.16197858114053057	0.03339189657452689	0.24389877338256205	0.01868120731290432	0.00000000000000000	0.02699289179591809	0.00349588660719564	0.00000000000000000	0.01595985314205945	0.00000000000000000	0.70580410905146662	0.75276537023098089
TCGA_PAAD_TCGA-US-A776-01A	0.12180318726210014	0.00000000000000000	0.05739648072211372	0.01692352058426780	0.00000000000000000	0.36300045269140213	0.00000000000000000	0.03358137411034777	0.01424589707504745	0.00000000000000000	0.07273569801391404	0.02321722025925596	0.01053131202419581	0.10403082700595238	0.02416601899188522	0.11882440985569599	0.00000000000000000	0.00061891827553908	0.03892468312828264	0.00000000000000000	0.00000000000000000	0.00000000000000000	0.04200000000000004	0.17331188163047148	1.01909644017142731
TCGA_PAAD_TCGA-HZ-A8P0-01A	0.05795289413964246	0.00000000000000000	0.03917966009578261	0.01983908311702912	0.00000000000000000	0.12390882373944367	0.00000000000000000	0.03590421247111685	0.04991844751180878	0.00000000000000000	0.05928901205495769	0.00000000000000000	0.00000000000000000	0.33681264236455827	0.01224474116468033	0.20832686545569093	0.00000000000000000	0.00000000000000000	0.01505001493110301	0.01357460236959517	0.00000000000000000	0.02799900058459116	0.00000000000000000	0.66612871228511072	0.76251812292972188
TCGA_PAAD_TCGA-IB-A7LX-01A	0.03531200484012011	0.00000000000000000	0.01814425315655390	0.05789485588832541	0.00000000000000000	0.21541353799019844	0.00000000000000000	0.06572419195387577	0.03326617511877536	0.00000000000000000	0.06924268968914973	0.00000000000000000	0.00064353120273195	0.23895948892818161	0.03781696020155336	0.16647383706272076	0.00000000000000000	0.01654855625089275	0.04288076699522415	0.00000000000000000	0.00000000000000000	0.00167915072169681	0.00000000000000000	0.40080968043773924	0.91733577273346500
TCGA_PAAD_TCGA-HZ-A77Q-01A	0.17880549129485263	0.00000000000000000	0.00429349535013968	0.05129184964099582	0.00000000000000000	0.10166343407655304	0.01869693574138723	0.02455169040326236	0.04285149856706286	0.00000000000000000	0.01283528291783517	0.00000000000000000	0.04380712732308414	0.21809439809207312	0.00507450281214239	0.17318576904760433	0.00000000000000000	0.03084327786757385	0.06851509559945020	0.00000000000000000	0.00000000000000000	0.02549015126598315	0.00000000000000000	0.73480907784013105	0.74170692004413885
TCGA_PAAD_TCGA-IB-A7M4-01A	0.08017942797400004	0.00974194410218369	0.03889500730337904	0.06311121068153924	0.00000000000000000	0.16966499622883313	0.00000000000000000	0.06069734960412618	0.08423278529843922	0.00000000000000000	0.04752386091254115	0.00000000000000000	0.00504017702755291	0.19435110165745526	0.04256572904243777	0.17052552378818792	0.00000000000000000	0.02248461493708182	0.01098627144224270	0.00000000000000000	0.00000000000000000	0.00000000000000000	0.00000000000000000	0.78216732601491890	0.71163962151115179
TCGA_PAAD_TCGA-XN-A8T5-01A	0.28417858193188322	0.06257860311714886	0.00000000000000000	0.12200648028959617	0.00000000000000000	0.10651567532921397	0.00000000000000000	0.09137345301770433	0.06004296197582326	0.00000000000000000	0.00884990162126021	0.01835054279130215	0.03326534849533988	0.04287291964042667	0.00461233565879243	0.07152547056514470	0.00000000000000000	0.02398103708314575	0.06741291107478212	0.00000000000000000	0.00000000000000000	0.00243377740843634	0.00000000000000000	0.83203806862647423	0.66441081294810367
TCGA_PAAD_TCGA-LB-A8F3-01A	0.07912213942520142	0.00000000000000000	0.00000000000000000	0.02825997476506171	0.00000000000000000	0.09940374648211024	0.00000000000000000	0.05195282769279312	0.05023712462190064	0.00000000000000000	0.02675769538601761	0.00787909998832061	0.03030096437425868	0.15904960931129328	0.02337678578407642	0.33304312241983702	0.00000000000000000	0.02544041213541291	0.04227114804943385	0.00000000000000000	0.00000000000000000	0.04290534956428239	0.00000000000000000	0.39939997832346458	0.91787671714475916
TCGA_PAAD_TCGA-YB-A89D-01A	0.02177074059704947	0.00000000000000000	0.00367670410431963	0.03609491826698446	0.00000000000000000	0.20830877415123916	0.00000000000000000	0.01163965834123969	0.06208783631617270	0.00000000000000000	0.00000000000000000	0.00380629130975873	0.05286215338355416	0.15792166557583187	0.01311150769876604	0.24073321267826570	0.04248795635747631	0.07765054035178180	0.04583189281774444	0.01161164392770750	0.00000000000000000	0.01040450412210842	0.00000000000000000	0.76231492891517427	0.72228149162312405
TCGA_PAAD_TCGA-YY-A8LH-01A	0.02607345968033628	0.04865526246549238	0.01213971898304402	0.07582625174813554	0.00000000000000000	0.26457883855138575	0.00000000000000000	0.05001558460995990	0.09161750288506804	0.00000000000000000	0.01106622771789211	0.02571878200028808	0.02245489282223944	0.10636884615374401	0.00734482121578020	0.12482011106537852	0.00028458118972983	0.03658988053526406	0.09644523837626175	0.00000000000000000	0.00000000000000000	0.00000000000000000	0.00000000000000000	0.43014198675352860	0.90220737635990533
TCGA_PAAD_TCGA-S4-A8RP-01A	0.05764679303688421	0.00000000000000000	0.00319498721490182	0.07803496802372348	0.00000000000000000	0.14845964745942553	0.00500364062949629	0.03377594633445974	0.03038266514555400	0.00000000000000000	0.03859918170836280	0.00000000000000000	0.06384591927319089	0.13755631845925953	0.06868339675917515	0.24040498436996585	0.01376845549293864	0.02852355131281554	0.05211954477984651	0.00000000000000000	0.00000000000000000	0.00000000000000000	0.00000000000000000	0.67929358418900243	0.77432245325637683
TCGA_PAAD_TCGA-XN-A8T3-01A	0.03405428552858882	0.00000000000000000	0.00704244722351272	0.11909613432567727	0.00000000000000000	0.20077810406127861	0.00000000000000000	0.01099318709416358	0.02197154514022912	0.00000000000000000	0.01280161143724133	0.00359969106489787	0.00292154367079682	0.14303887160834378	0.07421144803404157	0.31102207353969119	0.01457592821626867	0.00000000000000000	0.04389312905526853	0.00000000000000000	0.00000000000000000	0.00000000000000000	0.00000000000000000	0.67970217527504651	0.76424253294854338
TCGA_PAAD_TCGA-F2-A8YN-01A	0.02711193403339207	0.00000000000000000	0.01643043547324015	0.00000000000000000	0.00000000000000000	0.15388245541037940	0.00000000000000000	0.00364731182376760	0.05059382606204165	0.00000000000000000	0.04309653633107888	0.00906912858399256	0.01646141894532628	0.26045628504842494	0.00000000000000000	0.29731798457199066	0.02427938164503177	0.02582524929672857	0.05073735418557195	0.00000000000000000	0.00000000000000000	0.02109069858903331	0.00000000000000000	0.61866222141453586	0.79495403922399210
TCGA_PAAD_TCGA-S4-A8RO-01A	0.03281006436488188	0.00000000000000000	0.00169086351522140	0.02302470971565500	0.00000000000000000	0.11089523134377857	0.00000000000000000	0.01345240808817711	0.02666795760350696	0.00000000000000000	0.01522509657206683	0.00000000000000000	0.02618366061417582	0.39986930204017557	0.01870190223819182	0.26922579448183370	0.00000000000000000	0.00863288714141624	0.05362012228091915	0.00000000000000000	0.00000000000000000	0.00000000000000000	0.00000000000000000	0.81491680789872278	0.62752797981977304
TCGA_PAAD_TCGA-HZ-A8P1-01A	0.06936559648739429	0.00000000000000000	0.00000000000000000	0.00000000000000000	0.00000000000000000	0.33322955974289137	0.00000000000000000	0.01220143260395204	0.07513064187557612	0.00000000000000000	0.06038670820680470	0.00000000000000000	0.01708590947071176	0.15181275374257647	0.00357369023909016	0.26211781454500199	0.00000000000000000	0.00355386304194531	0.00000000000000000	0.00878391333443680	0.00275811670961913	0.00000000000000000	0.00000000000000000	0.44975689208908382	0.89280241717682562
TCGA_PAAD_TCGA-IB-AAUM-01A	0.08397880541431135	0.00000000000000000	0.01254964191002902	0.08795235138333825	0.00000000000000000	0.14635371888676915	0.00045929760084028	0.05457833694576460	0.04057931416154640	0.00000000000000000	0.04223237288698658	0.00000000000000000	0.03467166065297404	0.20976517100888806	0.02176472175305848	0.18996833225602622	0.00000000000000000	0.01240532743770336	0.06274094770176418	0.00000000000000000	0.00000000000000000	0.00000000000000000	0.00000000000000000	0.77694958509098533	0.71553421041611265
TCGA_PAAD_TCGA-IB-AAUP-01A	0.26145287949276907	0.11715351684107804	0.01024076698739755	0.05177335829390899	0.02645130672342659	0.13759581074793020	0.00285774476762493	0.04728473277683883	0.03029125744255677	0.00000000000000000	0.01915946196123492	0.00000000000000000	0.00347067787929824	0.08695147182281274	0.01449453339009833	0.14192008298225364	0.00000000000000000	0.01842322397593089	0.03047917391484013	0.00000000000000000	0.00000000000000000	0.00000000000000000	0.00000000000000000	0.87842936685288375	0.63768654232615607
TCGA_PAAD_TCGA-IB-AAUT-01A	0.04513675021946148	0.00000000000000000	0.02165961251151518	0.11033990157449160	0.00000000000000000	0.23649892437116596	0.00000000000000000	0.02562377745910268	0.04598162090723900	0.00000000000000000	0.02844517313942863	0.00173805515744907	0.00377386030386054	0.12591418937730486	0.03857918357230859	0.23603396303126137	0.02541019940516480	0.00000000000000000	0.05372218461265811	0.00000000000000000	0.00000000000000000	0.00114260435758820	0.00000000000000000	0.73083447871526896	0.74305098259297975
TCGA_PAAD_TCGA-YH-A8SY-01A	0.00000000000000000	0.01004389294990121	0.00893720627734324	0.01544179303105881	0.00000000000000000	0.11644440593159382	0.00000000000000000	0.04576295744428335	0.07954896104120769	0.00000000000000000	0.02474779850848065	0.00403205560275853	0.00384876220088011	0.32474180481386800	0.00812342222115746	0.26806970093442661	0.00000000000000000	0.03243567405504670	0.05409717650956094	0.00000000000000000	0.00000000000000000	0.00372438847843277	0.00000000000000000	0.69922176090974775	0.73682880768683867
TCGA_PAAD_TCGA-IB-AAUU-01A	0.00763637991452608	0.00094668711110283	0.00000000000000000	0.02503411487279036	0.00000000000000000	0.16714115426811843	0.00000000000000000	0.01382749965843986	0.06444101166515456	0.00000000000000000	0.00299114571178396	0.02169698612560272	0.17821671667062441	0.16240762733718012	0.00359154726507586	0.19456330969445698	0.02422541386911065	0.04850141696014900	0.08477898887588427	0.00000000000000000	0.00000000000000000	0.00000000000000000	0.00000000000000000	0.65437720694276225	0.78698268130306959
TCGA_PAAD_TCGA-IB-AAUS-01A	0.03490105852946250	0.00000000000000000	0.00000000000000000	0.03071127625235241	0.00000000000000000	0.12539533309250331	0.01347800867339594	0.00021489330372813	0.03962790580680690	0.00000000000000000	0.04229410430611272	0.00000000000000000	0.02472952074756148	0.23740919053572099	0.00729569319589551	0.33234810114877367	0.01556418574047014	0.01658078712355772	0.07038379569385841	0.00000000000000000	0.00000000000000000	0.00906614584980027	0.00000000000000000	0.70491522371100190	0.73993461498302404
TCGA_PAAD_TCGA-Q3-AA2A-01A	0.00000000000000000	0.02602641569595363	0.00000000000000000	0.00275306918499499	0.00413386046416845	0.15595428678577364	0.00000000000000000	0.00518948969796358	0.03325652617377130	0.00000000000000000	0.03443493577805251	0.00715693369651881	0.00983112584808769	0.43851890443840080	0.01128571872697062	0.23591818813537543	0.00000000000000000	0.00000000000000000	0.03554054537396863	0.00000000000000000	0.00000000000000000	0.00000000000000000	0.00000000000000000	0.69720242123196408	0.72508184002280451
TCGA_PAAD_TCGA-S4-A8RM-01A	0.10435844824639223	0.00000000000000000	0.00842848417535867	0.00000000000000000	0.00000000000000000	0.44456038326689645	0.00000000000000000	0.00000000000000000	0.02281755956543993	0.00000000000000000	0.06038595620293009	0.00000000000000000	0.03009594221758418	0.09663077695833965	0.01115100070375250	0.18418729586255700	0.00000000000000000	0.02350927392210849	0.01387487887864095	0.00000000000000000	0.00000000000000000	0.00000000000000000	0.00000000000000000	0.44064058781188031	0.89727989086686433
TCGA_PAAD_TCGA-2L-AAQA-01A	0.00833041858507021	0.00000000000000000	0.00394335220073670	0.00000000000000000	0.00000000000000000	0.21242422120622548	0.00000000000000000	0.00679556316072795	0.05547898684840666	0.00000000000000000	0.03556646690188218	0.00000000000000000	0.00000000000000000	0.45730550400729725	0.00155071856078308	0.15801944612584615	0.01471832858967042	0.00172988247001080	0.00000000000000000	0.04413711134334310	0.00000000000000000	0.00000000000000000	0.00000000000000000	0.63883369597217476	0.77102325254392123
TCGA_PAAD_TCGA-2L-AAQL-01A	0.02070722391650733	0.00083066173560695	0.00312790192476739	0.05760527852506843	0.00000000000000000	0.19646991632326780	0.00000000000000000	0.00166799789595148	0.01897588681870953	0.00000000000000000	0.00000000000000000	0.04867441028774064	0.02421624406547725	0.18680515974934989	0.03966109532277559	0.30258209646503692	0.02198874334478331	0.00000000000000000	0.07668738362495749	0.00000000000000000	0.00000000000000000	0.00000000000000000	0.00000000000000000	0.60528084619249733	0.80740482512137424
TCGA_PAAD_TCGA-3A-A9I5-01A	0.16229154008556668	0.00000000000000000	0.05560770298669067	0.02562151752994035	0.00000000000000000	0.11262921563222286	0.00000000000000000	0.07089600250797221	0.06205247052794397	0.00000000000000000	0.02017220843461701	0.00000000000000000	0.00000000000000000	0.25339415676844235	0.00583543072485982	0.17700368497472432	0.00000000000000000	0.00837153345646086	0.03425741644940642	0.00089798157233679	0.00000000000000000	0.01096913834881564	0.00000000000000000	0.50320941988704115	0.86591662226033483
TCGA_PAAD_TCGA-3A-A9I9-01A	0.00742229960479577	0.00000000000000000	0.01346469965535484	0.08221283564619646	0.00000000000000000	0.17154008962512271	0.00000000000000000	0.02416713997208681	0.04030304813154833	0.00000000000000000	0.03688849220522838	0.00051694614427173	0.04604000453487300	0.19433993731648952	0.02117232587355436	0.28862591375832325	0.00792886480526438	0.00000000000000000	0.04671631415464672	0.00000000000000000	0.00000000000000000	0.01866108857224370	0.00000000000000000	0.67285644448070991	0.76779729657813511
TCGA_PAAD_TCGA-3A-A9I7-01A	0.14033039203660541	0.02605067812818359	0.02642923387638099	0.05315774956827236	0.00000000000000000	0.15756151866415963	0.00000000000000000	0.07321188107464785	0.06579179516819650	0.00000000000000000	0.02416127091599722	0.01031602585723763	0.00037262481617278	0.10782973433180372	0.03468946105090163	0.19621187160589154	0.00000000000000000	0.01271266814926360	0.07117309475628551	0.00000000000000000	0.00000000000000000	0.00000000000000000	0.00000000000000000	0.65395920940719765	0.79466307346070153
TCGA_PAAD_TCGA-3E-AAAY-01A	0.04629951067535469	0.00000000000000000	0.00000000000000000	0.06756694376000848	0.00000000000000000	0.19546451286728952	0.00000000000000000	0.03367245916740612	0.02342116839107963	0.00000000000000000	0.02062820394023457	0.00000000000000000	0.00621963079047742	0.14345572758274244	0.02867043537084461	0.33494767237286732	0.02107921563861313	0.00954475346965611	0.03070483674986294	0.00837320146490588	0.00000000000000000	0.02995172775865723	0.00000000000000000	0.65479819431075870	0.77967428341621492
TCGA_PAAD_TCGA-3E-AAAZ-01A	0.08025487931710758	0.00000000000000000	0.02889613631036775	0.05611651824214981	0.00000000000000000	0.17379762612234861	0.00000000000000000	0.05878848946287527	0.02106524544397694	0.00000000000000000	0.02508288782142442	0.00000000000000000	0.01330816575463680	0.13088867728081643	0.00708863430961524	0.27701708421989341	0.00522928456520871	0.01053916333737294	0.11192720781220597	0.00000000000000000	0.00000000000000000	0.00000000000000000	0.00000000000000000	0.55559169548425780	0.84229131255519429
TCGA_PAAD_TCGA-F2-A7TX-01A	0.03712657589167045	0.00000000000000000	0.04821209039243619	0.07571061761913712	0.00000000000000000	0.18425782835575966	0.01920440846708624	0.07001485270076278	0.00676024817959024	0.00000000000000000	0.02545624468465339	0.03277662179808407	0.01856972551477834	0.06005011290885181	0.11963714926854753	0.21184411242952828	0.00000000000000000	0.00797755787927797	0.07282347951306432	0.00000000000000000	0.00000000000000000	0.00957837439677177	0.00000000000000000	0.62453456994607781	0.80459632427888894
TCGA_PAAD_TCGA-IB-AAUN-01A	0.04947184896669673	0.00000000000000000	0.08024433025948770	0.04330784290053277	0.00000000000000000	0.09908444757000505	0.03120313843456457	0.04496932187176274	0.04056704096026498	0.00000000000000000	0.04104931293136259	0.01441830041398712	0.01605631117102391	0.13275789834655857	0.07348113692117428	0.22337098451189932	0.01482299590945875	0.02473571429906071	0.06806478237935616	0.00000000000000000	0.00239459215280407	0.00000000000000000	0.00000000000000000	0.61690751659568777	0.81607546407757225
TCGA_PAAD_TCGA-IB-AAUO-01A	0.01049724386309653	0.02295442573007054	0.00000000000000000	0.02186930053969924	0.00000000000000000	0.24661419669620158	0.00000000000000000	0.04642853297802029	0.08349013545171821	0.00000000000000000	0.00000000000000000	0.10196356900871335	0.01898403538257397	0.10662405150105232	0.02067918842385588	0.14474261145222991	0.00000000000000000	0.06890844220024889	0.09136486028787162	0.00000000000000000	0.00000000000000000	0.01487940648464776	0.00000000000000000	0.47313157496441255	0.88084099459550247
TCGA_PAAD_TCGA-3A-A9IC-01A	0.00585145978383145	0.00000000000000000	0.01686901798568480	0.04578753570372254	0.00000000000000000	0.15177183622613377	0.00000000000000000	0.04391671969871627	0.04354426593106180	0.00000000000000000	0.00000000000000000	0.04809110125409608	0.01105849819796715	0.17536996299699084	0.00302122926485232	0.30092932655768556	0.00000000000000000	0.00916867019186719	0.13270359171657956	0.00000000000000000	0.00000000000000000	0.01191678449081062	0.00000000000000000	0.52817154319212900	0.85190206398874224
TCGA_PAAD_TCGA-IB-AAUR-01A	0.33791128925744923	0.04962325466031501	0.00000000000000000	0.07653394300512018	0.00000000000000000	0.11838398425123885	0.00000000000000000	0.06646427730934591	0.05806267172106010	0.00000000000000000	0.01850465472712027	0.00000000000000000	0.01903678270138139	0.07501530619404689	0.00000000000000000	0.10113644374227639	0.00000000000000000	0.04464147881243335	0.03468591361821240	0.00000000000000000	0.00000000000000000	0.00000000000000000	0.00000000000000000	0.88310947692688091	0.62528307700415875
TCGA_PAAD_TCGA-FB-A545-01A	0.03295236180241603	0.00000000000000000	0.04274309075118130	0.00000000000000000	0.00000000000000000	0.15692967328073784	0.00000000000000000	0.03237471827101932	0.06071018687369901	0.00000000000000000	0.02351212492052265	0.02969826299440476	0.00000000000000000	0.51670780335349453	0.00466054253623548	0.05329440247611227	0.00000000000000000	0.00000000000000000	0.04641683274017690	0.00000000000000000	0.00000000000000000	0.00000000000000000	0.00000000000000000	0.71451219062082882	0.71294937814654724
