Mixture	B cells naive	B cells memory	Plasma cells	T cells CD8	T cells CD4 naive	T cells CD4 memory resting	T cells CD4 memory activated	T cells follicular helper	T cells regulatory (Tregs)	T cells gamma delta	NK cells resting	NK cells activated	Monocytes	Macrophages M0	Macrophages M1	Macrophages M2	Dendritic cells resting	Dendritic cells activated	Mast cells resting	Mast cells activated	Eosinophils	Neutrophils	P-value	Correlation	RMSE
Moffitt_GEO_array_GSM1844105	0.14336286409395738	0.00000000000000000	0.00447949715840891	0.12978835748721745	0.16076506142882838	0.21309065817396156	0.01206821008233614	0.00000000000000000	0.04982571306230683	0.00000000000000000	0.00000000000000000	0.04530388183828156	0.00000000000000000	0.16909362525659152	0.00958390093596599	0.04024949291032182	0.00207405439777160	0.00454164824845094	0.00000000000000000	0.00797021170517533	0.00780282322042466	0.00000000000000000	0.00200000000000000	0.75995800418560544	0.69949983130393145
Moffitt_GEO_array_GSM1844106	0.00371004797106772	0.00494766245744222	0.06046127241746584	0.15719391195095306	0.00000000000000000	0.06668589866807470	0.05653749860126054	0.00046830940685832	0.00310602139972511	0.00000000000000000	0.02295923741022038	0.00937375086807909	0.00553213041615551	0.39219409261483773	0.01307260997424070	0.16778944076060534	0.00000000000000000	0.00000000000000000	0.01445206130245297	0.00676090773829247	0.00490659764801655	0.00984854839425202	0.00200000000000000	0.82486815102504496	0.64437608320483264
Moffitt_GEO_array_GSM1844107	0.00325299292283877	0.01357935782114056	0.04761679567849210	0.07712794737054886	0.00121544925934474	0.06198051209325250	0.07501984869911110	0.01797218189676776	0.00000000000000000	0.00000000000000000	0.00000000000000000	0.11585033901661337	0.01912915121299990	0.24690524081011769	0.06610399729001273	0.19925180909956663	0.00000000000000000	0.00309384844076825	0.00000000000000000	0.02407254032583681	0.00346133502014324	0.02436665304244490	0.00200000000000000	0.68830015080731577	0.75429939772355548
Moffitt_GEO_array_GSM1844108	0.00566452960166513	0.00653386594783854	0.01848639728014112	0.04725264768646373	0.01283090295542524	0.06942777721035659	0.00000000000000000	0.02204663746997457	0.04015924797645084	0.00000000000000000	0.00000000000000000	0.06220963041505108	0.17268106324380517	0.27986407964210780	0.00389895090030393	0.18048713368221725	0.00040172608551853	0.01098788315937291	0.00000000000000000	0.05665557148516646	0.00402903896283197	0.00638291629530920	0.00200000000000000	0.67855505736792221	0.75900218162892541
Moffitt_GEO_array_GSM1844109	0.04630360519777393	0.00000000000000000	0.00514061056608217	0.07862741982395291	0.00000000000000000	0.15261002651515090	0.02184244329936152	0.04313142752234684	0.00389076817564249	0.00000000000000000	0.00000000000000000	0.07444435718827437	0.04460747199767751	0.13648013374156259	0.00000000000000000	0.22116894836804005	0.00884884855202490	0.05123477453892793	0.09566152569427708	0.00000000000000000	0.01600763881890465	0.00000000000000000	0.00200000000000000	0.40387354477737281	0.91423989958357765
Moffitt_GEO_array_GSM1844110	0.03343715578042807	0.00000000000000000	0.00372495898444062	0.10224192555287429	0.00000000000000000	0.12911596061940817	0.01721012482695249	0.05319219818942943	0.06726326127051030	0.00000000000000000	0.00000000000000000	0.07087157098422098	0.04142478260517666	0.10672621259051635	0.01167699741619176	0.26738062890097020	0.01123356728240193	0.01409293354480161	0.04963235065395980	0.00000000000000000	0.01422606223751995	0.00654930856019735	0.00200000000000000	0.42140415761132005	0.90617765741199852
Moffitt_GEO_array_GSM1844111	0.00000000000000000	0.04172702794892373	0.02302940860264247	0.14872719823834729	0.02511426153651502	0.21134893207831495	0.03255859168676139	0.00064596537155721	0.00884259542745176	0.00000000000000000	0.00000000000000000	0.05703379977050797	0.02215920911812909	0.13452157856668270	0.00747694016548393	0.22159918706741322	0.00000000000000000	0.03314689612392880	0.01770490192211579	0.00000000000000000	0.00000000000000000	0.01436350637522471	0.00200000000000000	0.51502866686267401	0.85993839520607152
Moffitt_GEO_array_GSM1844112	0.00490984237087524	0.02567408838822917	0.00000000000000000	0.03656031207018574	0.00000000000000000	0.27137261288154957	0.01565678353625585	0.00566010717076549	0.04166665441735974	0.00000000000000000	0.09154891320325843	0.00000000000000000	0.00000000000000000	0.26503644598867077	0.03144016466991514	0.12724499922386059	0.00000000000000000	0.01153041334407856	0.00000000000000000	0.05953242161673727	0.01216624111825860	0.00000000000000000	0.00200000000000000	0.66712899122641800	0.77104979428981690
Moffitt_GEO_array_GSM1844113	0.00000000000000000	0.01320904266091633	0.01791814571810432	0.09714608556562432	0.00387154786996306	0.13329030559641866	0.02080619052036488	0.00794790071259675	0.02440289344763593	0.00000000000000000	0.00000000000000000	0.06514022418416987	0.01836080926265504	0.26771223937659894	0.01036090176500322	0.18430068249901799	0.02287488808262041	0.04735166656772238	0.05737417511901655	0.00000000000000000	0.00000000000000000	0.00793230105157129	0.00200000000000000	0.73830718284034236	0.73037295305199268
Moffitt_GEO_array_GSM1844114	0.01151576492784162	0.00000000000000000	0.02217127072417896	0.20337131934133143	0.00000000000000000	0.13903421388569781	0.02989008913812069	0.00000000000000000	0.02702330168719229	0.00000000000000000	0.00000000000000000	0.03455404246497528	0.05018409627659323	0.09151095458826063	0.04939728284166064	0.28664864830510456	0.00979269133226913	0.00000000000000000	0.02287177083929958	0.00000000000000000	0.01907624042535353	0.00295831322212054	0.00200000000000000	0.62817841608461455	0.80176742690849967
Moffitt_GEO_array_GSM1844115	0.01906148532338429	0.01496135618048210	0.05420645885891609	0.07174550625526317	0.00000000000000000	0.11940621368720622	0.00000000000000000	0.01453055128461497	0.04388896865330003	0.00000000000000000	0.00000000000000000	0.04961830747908017	0.00000000000000000	0.33852411066596488	0.00330845824059047	0.22082266321823166	0.00000000000000000	0.02025700787466247	0.00000000000000000	0.01701718060299033	0.00000000000000000	0.01265173167531316	0.00200000000000000	0.79651583024532868	0.67149322525656874
Moffitt_GEO_array_GSM1844116	0.02232705313618803	0.00000000000000000	0.09188815528847588	0.14157259380920356	0.00000000000000000	0.23632228044985859	0.03201288076354733	0.00000000000000000	0.01242335102965138	0.00000000000000000	0.00000000000000000	0.09618028040507076	0.00100439270795220	0.09314451612288391	0.04710910869358808	0.11638332997835005	0.00827698951642629	0.00411476926546519	0.07690520843487930	0.00000000000000000	0.02033509039845954	0.00000000000000000	0.00200000000000000	0.55992997318565629	0.83785136488608947
Moffitt_GEO_array_GSM1844117	0.00000000000000000	0.07230921688890023	0.09667010326122870	0.12200221349973586	0.00000000000000000	0.11465468029737858	0.03699774883982554	0.00164287159785705	0.00000000000000000	0.00000000000000000	0.00000000000000000	0.05115125133375759	0.03675375837298488	0.09705628105873870	0.01609147913930783	0.23506617754719555	0.00765367663824829	0.06252069508893025	0.02947584596201585	0.00000000000000000	0.00703740548724330	0.01291659498665163	0.00200000000000000	0.65828471476912698	0.79484278270264574
Moffitt_GEO_array_GSM1844118	0.01564514889759648	0.01258331244386734	0.23371487763597878	0.07349248372750171	0.00000000000000000	0.19123066141975556	0.01243610978403545	0.00000000000000000	0.00000000000000000	0.00000000000000000	0.00000000000000000	0.03635820356656209	0.00393658267146239	0.22533924371059028	0.02784080508199418	0.09023549142411991	0.00000000000000000	0.03714925464760393	0.00168792352508329	0.03834990146384861	0.00000000000000000	0.00000000000000000	0.00200000000000000	0.67731012396612822	0.76865152123700609
Moffitt_GEO_array_GSM1844119	0.06184091369713426	0.00000000000000000	0.12456028811979764	0.16151153971635013	0.00000000000000000	0.06664933342886305	0.00000000000000000	0.00977864826782914	0.02455111481511534	0.00000000000000000	0.00000000000000000	0.07523806872373826	0.00000000000000000	0.30466872042594678	0.04005713719152117	0.10757947548310939	0.00018886885227244	0.00000000000000000	0.01061800486040133	0.00412490671532412	0.00000000000000000	0.00863297970259713	0.00200000000000000	0.77810800687173742	0.69533236276301080
Moffitt_GEO_array_GSM1844120	0.02858420013816811	0.00000000000000000	0.01292472190042317	0.16068302204435975	0.00000000000000000	0.17111420707511829	0.00000000000000000	0.02660563081718907	0.02850705612632251	0.00000000000000000	0.00000000000000000	0.13275799609636252	0.02718779095656726	0.13385018480718652	0.03136780568263797	0.16666227949939483	0.01732265656860177	0.00000000000000000	0.00000000000000000	0.03075132783725537	0.02701989483370495	0.00466122561670792	0.00200000000000000	0.66218998891529701	0.77211715834664607
Moffitt_GEO_array_GSM1844121	0.00939769057008863	0.01802428033850927	0.00913940121077212	0.05700073949490082	0.00000000000000000	0.15158470109366123	0.00000000000000000	0.03232812551701291	0.04338597898971556	0.00000000000000000	0.00000000000000000	0.09757364579622727	0.00721284666581061	0.35644890597285611	0.00507795603515519	0.13293822461070298	0.00221621058156297	0.00916478662821851	0.00000000000000000	0.06146114187547003	0.00630401827710841	0.00074134634222726	0.00200000000000000	0.76755526212663505	0.68794241798124145
Moffitt_GEO_array_GSM1844122	0.02536892573803837	0.01068331416567746	0.07585530262123340	0.07553132633936888	0.00000000000000000	0.08551402343863486	0.01946243079023383	0.04735309196907588	0.04111211836859541	0.02131777125508579	0.00000000000000000	0.03387579261625031	0.00000000000000000	0.33713938322927195	0.04429572744245589	0.13948098391494648	0.00768460804249378	0.00000000000000000	0.03532520006863771	0.00000000000000000	0.00000000000000000	0.00000000000000000	0.00200000000000000	0.79517230707040498	0.68746169726333450
Moffitt_GEO_array_GSM1844123	0.04239438281610681	0.00000000000000000	0.10834913604190952	0.08545320202497043	0.00000000000000000	0.22961366371384925	0.01251587642954051	0.03656653277404499	0.04613221157024565	0.00000000000000000	0.00000000000000000	0.04692906890143286	0.01995762465514665	0.14311072429355251	0.03368605766354563	0.12982971522877965	0.02047810625648828	0.00053422705788171	0.00000000000000000	0.03765220641725270	0.00376466146513642	0.00303260269011658	0.00200000000000000	0.52716127475299279	0.85587748786322038
Moffitt_GEO_array_GSM1844124	0.03958356482535779	0.00000000000000000	0.00593613712739421	0.16741084764315972	0.00000000000000000	0.20569098422397003	0.02516666417826862	0.01930130803713305	0.07630013185753068	0.00000000000000000	0.00000000000000000	0.05828954817953551	0.05137905749018718	0.10411735527063207	0.03086606906165641	0.11458222758622047	0.03477234255821587	0.01543936944744732	0.00046941725640747	0.02721933709763270	0.02278207553617666	0.00069356262307402	0.00200000000000000	0.45685680350656654	0.88891550605952574
Moffitt_GEO_array_GSM1844125	0.00000000000000000	0.13278498350205878	0.08635854628757100	0.23507910169511187	0.00000000000000000	0.01469572662849705	0.03195245881446725	0.03937736668411884	0.02974992532009370	0.00058325022807446	0.00000000000000000	0.09341724740068547	0.00000000000000000	0.15680648894352789	0.08126793334120813	0.08602691543318072	0.00000000000000000	0.00000000000000000	0.00313958905396241	0.00876046666744248	0.00000000000000000	0.00000000000000000	0.00200000000000000	0.76664999291782399	0.70646847024062531
Moffitt_GEO_array_GSM1844126	0.04627532722136054	0.00287188988527298	0.02061716764429059	0.09983955615598165	0.00000000000000000	0.17650312583248387	0.00216250915865734	0.04001895328490190	0.10032539332524268	0.00000000000000000	0.02102721573182561	0.02020497722905013	0.00876724507978698	0.28873333025732845	0.01892814813353168	0.09858625311816366	0.01044548723275705	0.00493774499536013	0.02852971730387940	0.00000000000000000	0.01122595841012539	0.00000000000000000	0.00200000000000000	0.50397292047884967	0.86441581969146353
Moffitt_GEO_array_GSM1844127	0.04311696275222739	0.00754337305589319	0.02602819554566661	0.11957868373733749	0.00000000000000000	0.27824370105491097	0.00000000000000000	0.01064859324230256	0.03219042769196982	0.00000000000000000	0.02223061579958889	0.03903406248666641	0.00000000000000000	0.25806085523973199	0.03672388208640891	0.11636112769831111	0.00196627785261697	0.00000000000000000	0.00000000000000000	0.00634141334498812	0.00132126415849680	0.00061056425288266	0.00200000000000000	0.61825825173980065	0.79818939839312042
Moffitt_GEO_array_GSM1844128	0.06091763320175192	0.00000000000000000	0.00400516429509193	0.08700027633612342	0.00000000000000000	0.10252461098645106	0.01589412150841730	0.01717283658029291	0.11336496513863617	0.00000000000000000	0.06989577222102218	0.01132661516616916	0.04419314126944682	0.19237493330234834	0.02186576831775828	0.18855914470162424	0.01677437531627136	0.00000000000000000	0.03207376321264985	0.00000000000000000	0.02205687844594506	0.00000000000000000	0.00200000000000000	0.45922174709427954	0.88831503044223847
Moffitt_GEO_array_GSM1844129	0.01603295096473577	0.00000000000000000	0.00000000000000000	0.07672098209264414	0.00000000000000000	0.10763082625797350	0.02102206223298131	0.04752112975994158	0.05409474157860044	0.00000000000000000	0.00000000000000000	0.05517207119570438	0.00931473118200370	0.22537673867315766	0.10076003658913738	0.20221919749937317	0.01211970805769037	0.00000000000000000	0.06125335978495013	0.00000000000000000	0.00299845350238416	0.00776301062872223	0.00200000000000000	0.61613479322617681	0.80311387305264048
Moffitt_GEO_array_GSM1844130	0.02844787369115484	0.00000000000000000	0.01209727860159924	0.03349838322829649	0.00000000000000000	0.14466387203893455	0.00581892006627570	0.05305067568693066	0.08622145648490948	0.00000000000000000	0.02485185047667161	0.07797704318425391	0.02469188040871000	0.14854206720553306	0.03437782008779914	0.08174432267564331	0.06167213840335781	0.05547394690865386	0.07258499251104090	0.00000000000000000	0.05015639146993364	0.00412908687030178	0.00200000000000000	0.54530335824408793	0.84966744822236362
Moffitt_GEO_array_GSM1844131	0.07136043059855972	0.03557002275748499	0.01363317459860930	0.09715607399518304	0.00000000000000000	0.14196700881489585	0.02876193510021176	0.08998231849413300	0.06190517619039213	0.00000000000000000	0.00215587337057732	0.01972037739248731	0.00000000000000000	0.24183927318456017	0.06720432947846819	0.10902838470416393	0.00000000000000000	0.00000000000000000	0.00805085947458551	0.00000000000000000	0.00000000000000000	0.01166476184568782	0.00200000000000000	0.75541924732225429	0.72294882197597399
Moffitt_GEO_array_GSM1844132	0.09330943169411905	0.00000000000000000	0.01714497087372599	0.05100101946634919	0.00000000000000000	0.08871786813902542	0.00000000000000000	0.10441645970356675	0.03817570261819367	0.00000000000000000	0.00000000000000000	0.02804387898846946	0.00000000000000000	0.40687390348568453	0.01515253015907304	0.11941752451499578	0.00000000000000000	0.01430965886931457	0.00000000000000000	0.00602164806771222	0.01741540341977037	0.00000000000000000	0.00200000000000000	0.72598011307428301	0.71868825151023041
Moffitt_GEO_array_GSM1844133	0.00137132660476120	0.05043778983411738	0.01783376823394209	0.06102396046323135	0.00556826156201104	0.17496264299647368	0.01498565528927296	0.04161157875623028	0.03565070304266317	0.00000000000000000	0.03073663226524938	0.00000000000000000	0.00297430769729349	0.27725664294133479	0.00094608056987722	0.15658158565523383	0.00000000000000000	0.07169625730097216	0.00000000000000000	0.05558955613968827	0.00000000000000000	0.00077325064764751	0.00200000000000000	0.76646238367180741	0.71184833547477977
Moffitt_GEO_array_GSM1844134	0.03844310498138836	0.02255591312685909	0.00000000000000000	0.14271142034052794	0.00000000000000000	0.05414447495450540	0.00000000000000000	0.12320743052114276	0.03571313142847842	0.01282369519677460	0.00000000000000000	0.11541839561253299	0.00127106591354324	0.27222793416739111	0.04761066387359872	0.11223951917861930	0.00213632793102469	0.00000000000000000	0.00000000000000000	0.01246082909627732	0.00703609367733618	0.00000000000000000	0.00200000000000000	0.70643340946822308	0.73897187435508505
Moffitt_GEO_array_GSM1844135	0.02089136009619607	0.00000000000000000	0.01021123832710230	0.08740588766893231	0.03687292331637018	0.20530369321245973	0.04750200211202913	0.00966364748255792	0.00000000000000000	0.00000000000000000	0.00000000000000000	0.08956174321700390	0.01059192323993562	0.16396300820478099	0.03886154084695640	0.16436889053528628	0.00117229428006349	0.06538292349061157	0.00000000000000000	0.03476622797148460	0.00721719283045342	0.00626350316777616	0.00200000000000000	0.56849690808569697	0.83018775725293703
Moffitt_GEO_array_GSM1844136	0.00027733542670299	0.00473314588061472	0.10800978165622778	0.16763051248026295	0.00000000000000000	0.12575202445707437	0.00277010491475893	0.00669304072820957	0.00000000000000000	0.00000000000000000	0.00000000000000000	0.10092123370012757	0.00941362813952024	0.16571364326224927	0.06517064468601841	0.17724902327907929	0.01852995237823871	0.00000000000000000	0.01767776083250059	0.00822213107981052	0.00179165689114583	0.01944438020745829	0.00200000000000000	0.69431255682868676	0.75996442301597456
Moffitt_GEO_array_GSM1844137	0.01835416482913048	0.01144897822265285	0.03286657242137615	0.05405674903150309	0.00000000000000000	0.09155007106531124	0.00853223419234067	0.03116274656918931	0.03082645713874564	0.00000000000000000	0.00000000000000000	0.06463208192121574	0.02840396967629785	0.44912261760760330	0.01074793359214510	0.14235569934905443	0.00976832341266820	0.00000000000000000	0.01017763886035645	0.00000000000000000	0.00500867126749396	0.00098509084291556	0.00200000000000000	0.79346047218982441	0.65592810870427631
Moffitt_GEO_array_GSM1844138	0.08769231587511700	0.00000000000000000	0.00298879057780630	0.17644980402635874	0.00000000000000000	0.27829276307111339	0.01254405369693753	0.01194437720395385	0.00671616979980972	0.00000000000000000	0.00000000000000000	0.00178202589096583	0.01674898556976041	0.19209616998210893	0.04266612471255744	0.13023643291380818	0.00627564785019170	0.01208353405361437	0.01121454017331347	0.00000000000000000	0.01026826460258315	0.00000000000000000	0.00200000000000000	0.74869276168965770	0.72304971035145083
Moffitt_GEO_array_GSM1844139	0.03005398438323834	0.01695896129947056	0.00412479877879244	0.07256836476309377	0.00000000000000000	0.10177545510080747	0.00601280088641749	0.02081170284753021	0.06933354736418312	0.00000000000000000	0.00184477873849871	0.02355103429489797	0.00855908964573603	0.35225637545134286	0.03901614473963193	0.18706559416580881	0.00135997675972005	0.00522046853636161	0.05726939473687191	0.00000000000000000	0.00221752750759663	0.00000000000000000	0.00200000000000000	0.78587170053507371	0.68396233760760494
Moffitt_GEO_array_GSM1844140	0.08705252735534245	0.00000000000000000	0.02829065576994770	0.04887726238505040	0.00112121600200162	0.13724220954645922	0.03115307525570961	0.02156411913796647	0.03991507129587146	0.00000000000000000	0.00922431904293582	0.01998410089803526	0.01759431304575556	0.25742393453136947	0.04055103236015149	0.16190286738726137	0.00000000000000000	0.04158453831314061	0.04895034581628129	0.00000000000000000	0.00381920630450886	0.00374920555221143	0.00200000000000000	0.76326902816258602	0.72431469073946508
Moffitt_GEO_array_GSM1844141	0.04177722534475249	0.02271999070639764	0.03866185056873177	0.15804813681250054	0.00000000000000000	0.17748206050074167	0.00668366927365653	0.03911613834374553	0.01001878153401220	0.00000000000000000	0.00000000000000000	0.07195392966280256	0.00820732138354417	0.14788761232651182	0.05560152670639138	0.17220461612338250	0.00933340190122185	0.00000000000000000	0.03183585555382215	0.00380652914864304	0.00000000000000000	0.00466135410914236	0.00200000000000000	0.77560825062039618	0.71492234634078766
Moffitt_GEO_array_GSM1844142	0.02981007745565938	0.00000000000000000	0.00000000000000000	0.08036114207155784	0.00000000000000000	0.05493697121281912	0.04631775608160370	0.00352294162966037	0.01294098021190692	0.00000000000000000	0.00000000000000000	0.03386553677473784	0.04372497188848815	0.35613931575979890	0.01646753460683617	0.24497926203333528	0.00148886698947213	0.03615761859999470	0.00691666155732198	0.00000000000000000	0.00886471055813935	0.02350565256866783	0.00200000000000000	0.83123191111491990	0.63274612911944506
Moffitt_GEO_array_GSM1844143	0.10567579770147416	0.00000000000000000	0.06019507604078458	0.09682201077860116	0.00000000000000000	0.18097554593712620	0.04045061888699591	0.00000000000000000	0.01945852397569245	0.00000000000000000	0.00000000000000000	0.03859888301582909	0.01228816611181376	0.21799220552534812	0.02742532770399161	0.11166228522783000	0.00862630531126136	0.01754890562799879	0.05529531399457997	0.00000000000000000	0.00000000000000000	0.00698503416067298	0.00200000000000000	0.71368648245137223	0.75813175341960959
Moffitt_GEO_array_GSM1844144	0.02894743647936764	0.00554180895080069	0.00294260051316090	0.04944240327678898	0.00000000000000000	0.16330101628249932	0.00276149065332484	0.02084853675748126	0.04706637710147474	0.00000000000000000	0.01092440011933632	0.04732438042756069	0.01063485753547377	0.17970943932062056	0.01258289453787175	0.22113112546868893	0.00000000000000000	0.09080048747039864	0.05493903277846991	0.00000000000000000	0.02725204088016236	0.02384967144651863	0.00200000000000000	0.56952234531140356	0.83345257150915120
Moffitt_GEO_array_GSM1844145	0.01955673781852402	0.01493245311924213	0.00000000000000000	0.05905473366397040	0.00000000000000000	0.14080536089907236	0.00000000000000000	0.00587222013810347	0.06673873507768456	0.00000000000000000	0.00000000000000000	0.05148814269751407	0.00000000000000000	0.44821673856547922	0.03358997232654794	0.10423761905955445	0.00832207691453901	0.00000000000000000	0.02834719948003011	0.01621624302738788	0.00000000000000000	0.00262176721235029	0.00200000000000000	0.71283424578912447	0.72125629396088642
Moffitt_GEO_array_GSM1844146	0.00000000000000000	0.04243016588646274	0.00409105983794939	0.13393594181839774	0.01738348940502401	0.16625005481195618	0.05671644113155739	0.00000000000000000	0.00000000000000000	0.00000000000000000	0.04435071740588636	0.04892898023521581	0.03696696723137761	0.22177716226713584	0.02914892689498916	0.10544828582880801	0.02245347089768367	0.00498419301046164	0.05018729903434656	0.00000000000000000	0.00964153954532274	0.00530530475742522	0.00200000000000000	0.41585900361336742	0.90910009747374221
Moffitt_GEO_array_GSM1844147	0.00000000000000000	0.02712415219192790	0.00485578389910671	0.00423616862079754	0.00000000000000000	0.07827594371256358	0.00000000000000000	0.01796738360505993	0.07588140021585364	0.00000000000000000	0.00000000000000000	0.08929666357039519	0.00000000000000000	0.33197921980005590	0.00320847054985296	0.26839867934715361	0.00000000000000000	0.02806293572251398	0.06066633725189804	0.00000000000000000	0.00000000000000000	0.01004686151282110	0.00200000000000000	0.72994182319107714	0.71598829075848192
Moffitt_GEO_array_GSM1844148	0.02361766603966061	0.01377479204248891	0.05717471852599276	0.05313358071385118	0.00000000000000000	0.32636356781661591	0.00908477334472220	0.00654402530361645	0.03605434226057436	0.00000000000000000	0.00991877191958897	0.04610099937625069	0.02995820912354339	0.14760442150403519	0.02160741233766621	0.10688344086401515	0.01833302858481096	0.03096676674242943	0.05186984738078957	0.00000000000000000	0.01100963611934818	0.00000000000000000	0.00200000000000000	0.52716619750306404	0.85669764672352988
Moffitt_GEO_array_GSM1844149	0.02921491771632575	0.02472997288240093	0.15415273263526744	0.16314676562895072	0.00000000000000000	0.08393570128671685	0.02002171165095821	0.00000000000000000	0.05284121659321640	0.00000000000000000	0.01127227397183209	0.00000000000000000	0.00000000000000000	0.21187258677599335	0.06213871517111294	0.15889044533488270	0.00000000000000000	0.00000000000000000	0.00709035002998029	0.01282486264496314	0.00000000000000000	0.00786774767739913	0.00200000000000000	0.80139976951367864	0.69779336085834942
Moffitt_GEO_array_GSM1844150	0.03246544730663304	0.00000000000000000	0.00000000000000000	0.11832157728167388	0.00000000000000000	0.11847697067950787	0.03554469357817582	0.03756516561838181	0.10143035086613496	0.00000000000000000	0.04311815386671734	0.02132320416474874	0.02984562141769865	0.17114133678455803	0.00856945959782842	0.17709797632448396	0.01997030494990022	0.02216003502212242	0.03770948626561746	0.00000000000000000	0.01935935099347007	0.00590086528234710	0.00200000000000000	0.61836440424407846	0.80943331913183403
Moffitt_GEO_array_GSM1844151	0.00000000000000000	0.04847041845362751	0.02173186940459744	0.06959638562856742	0.00000000000000000	0.15151225236322374	0.00692769465079651	0.00888773227960385	0.02809143435759638	0.00000000000000000	0.00000000000000000	0.04046426270984333	0.01544349483958068	0.24008956475085694	0.04659582507030247	0.16912823199344068	0.04535041967650660	0.05398040199940756	0.03812875599443568	0.00000000000000000	0.00891282874352634	0.00668842708408678	0.00200000000000000	0.68127863942924149	0.77024455271594394
Moffitt_GEO_array_GSM1844152	0.00000000000000000	0.01824366245623111	0.07342977504241591	0.14491026544375260	0.00000000000000000	0.18169561524129793	0.01237436492871056	0.00000000000000000	0.02294957323855587	0.00000000000000000	0.00000000000000000	0.04865393234338442	0.00000000000000000	0.27504199225120207	0.06559688042898618	0.12251608289768776	0.01787216885422615	0.00000000000000000	0.00000000000000000	0.01237537963523916	0.00000000000000000	0.00434030723831022	0.00200000000000000	0.78721200162433191	0.69447543081027030
Moffitt_GEO_array_GSM1844153	0.02280803009683901	0.00015075485937014	0.01450772943025391	0.04346204218698410	0.00000000000000000	0.18905118108391564	0.00014929712163752	0.04196872965061542	0.07266032584442994	0.00000000000000000	0.00009393652728875	0.05921851440289272	0.01862083369454608	0.23565393608026944	0.00766465508857636	0.17469390978270674	0.01317315033696276	0.00705215036011903	0.06904018194400466	0.00000000000000000	0.01898159734389691	0.01104904416469103	0.00200000000000000	0.56327683624459779	0.83527875422106923
Moffitt_GEO_array_GSM1844154	0.01170992929762043	0.03207850804056346	0.06893797083536800	0.10591372590026703	0.00000000000000000	0.14577417871396015	0.04720069970966174	0.00041457146193879	0.05679226991815164	0.00000000000000000	0.00000000000000000	0.03601159851223603	0.02250245392176031	0.19121214927987479	0.02269592416957507	0.15851519032960243	0.00791935939270751	0.01139860589756165	0.05912464405581554	0.00000000000000000	0.00000000000000000	0.02179822056333531	0.00200000000000000	0.67580478458492954	0.78429603960453131
Moffitt_GEO_array_GSM1844155	0.01371135715148305	0.00000000000000000	0.03956989621929035	0.08256221921692408	0.00000000000000000	0.14360329024852278	0.02767224344957572	0.02693732804294549	0.02152732213470587	0.02174094661893807	0.00949449712566671	0.00708122115879642	0.00000000000000000	0.27744704512267793	0.04112223222818898	0.18578529171518529	0.00392624213773368	0.01496785052040599	0.06043728894338877	0.00400813126110598	0.00499382125994120	0.01341177544452384	0.00200000000000000	0.76452912561050412	0.71662096215790438
Moffitt_GEO_array_GSM1844156	0.01539640323113097	0.00000000000000000	0.03813922268069084	0.05444584851293193	0.00000000000000000	0.09256227692680327	0.05252104881851577	0.02053635465842038	0.03551204383926993	0.00000000000000000	0.00000000000000000	0.03672361146741503	0.00000000000000000	0.40340734406698114	0.02566493518219988	0.14100210697694981	0.00083071500361654	0.00301843150483436	0.06185550787966088	0.00000000000000000	0.01014352317771600	0.00824062607286337	0.00200000000000000	0.75232083545492145	0.70355298159167545
Moffitt_GEO_array_GSM1844157	0.00558167265805400	0.01440058190332319	0.10161620771892492	0.03508849126799107	0.00000000000000000	0.09332842173921643	0.02065106551824878	0.00803738500363460	0.02386744587558194	0.00000000000000000	0.00000000000000000	0.04426160119404250	0.00347421191856893	0.17601548973644651	0.00058655898639665	0.27848591422118363	0.01190383219639985	0.03996468597657186	0.06396764445061058	0.00000000000000000	0.03760651500569581	0.04116227462910854	0.00200000000000000	0.69947634276162240	0.76506544089333195
Moffitt_GEO_array_GSM1844158	0.03032756232404910	0.00000000000000000	0.00000000000000000	0.15869209335102444	0.00000000000000000	0.12519001195226270	0.00609184528844134	0.04569945569236770	0.05837779600824527	0.00000000000000000	0.01636960611758350	0.03900538614248899	0.02846982268420294	0.16924091410649852	0.05346492620016926	0.14104693328194373	0.04977528783139751	0.00000000000000000	0.04326771863338640	0.00000000000000000	0.02904385595292606	0.00593678443301242	0.00200000000000000	0.55816054369150114	0.83957219597367849
Moffitt_GEO_array_GSM1844159	0.03113708289510119	0.00000000000000000	0.00910658652214002	0.12470600895941240	0.01811960561441496	0.14023805401239139	0.06294875922182394	0.02166755178716818	0.00558539011856569	0.00000000000000000	0.02719441428892597	0.01374488738935337	0.00554157054107599	0.27608324202500034	0.06479067295655497	0.14148172487392355	0.00000000000000000	0.02077228303001141	0.03491195842544396	0.00000000000000000	0.00000000000000000	0.00197020733869265	0.00200000000000000	0.68183203705989937	0.76468983434047810
Moffitt_GEO_array_GSM1844160	0.01947337375564160	0.00482883787130806	0.01584667703169032	0.15827785925430088	0.00000000000000000	0.03789875796770902	0.02024441848950998	0.05158102232355366	0.05754334249758823	0.00000000000000000	0.00000000000000000	0.06503641842796591	0.01434184079135735	0.18741646817483182	0.07800146980053757	0.17340312953204420	0.00796452442938492	0.06281174518420991	0.03525671851370508	0.00000000000000000	0.00560683555232566	0.00446656040233576	0.00200000000000000	0.60019132002053399	0.81403473300995677
Moffitt_GEO_array_GSM1844161	0.01395234911807657	0.00636452346752963	0.03794525447669159	0.11736406183273880	0.00000000000000000	0.15941394757166505	0.06294606689874820	0.00107607351236446	0.00000000000000000	0.00000000000000000	0.00262273583392774	0.04460086940569605	0.02964164660641528	0.09161622214668802	0.03296118037247027	0.30241201199616613	0.00000000000000000	0.02938239416902627	0.06233723778671119	0.00000000000000000	0.00000000000000000	0.00536342480508444	0.00200000000000000	0.59306532942572754	0.82511095829316095
Moffitt_GEO_array_GSM1844162	0.07877082646831393	0.00000000000000000	0.00000000000000000	0.06887995413213191	0.00000000000000000	0.11280092428226855	0.02399527995640172	0.08181165823240304	0.05726912408707335	0.00437105607492984	0.00000000000000000	0.04569053739691130	0.00000000000000000	0.24541687102685653	0.05310714790645368	0.13427933498947137	0.02464900161783581	0.00000000000000000	0.05905304934486017	0.00000000000000000	0.00541151501375087	0.00449371947033796	0.00200000000000000	0.71268598330576483	0.75432214264561825
Moffitt_GEO_array_GSM1844163	0.02622300301923058	0.01253251670191029	0.00434539830307579	0.08048385906998480	0.00000000000000000	0.18607691300752424	0.00912929044032961	0.04696658944198553	0.03092385040124881	0.00000000000000000	0.00000000000000000	0.05610525961867759	0.02871667190176188	0.19296812097226476	0.03134507378272960	0.17517927234873476	0.04091397912572100	0.00399288902322845	0.00000000000000000	0.04755588076249812	0.02133810421100099	0.00520332786809323	0.00200000000000000	0.46740107046985113	0.88381940194866548
Moffitt_GEO_array_GSM1844164	0.05427258733659669	0.00000000000000000	0.00000000000000000	0.08186880402532422	0.00000000000000000	0.10898755288727664	0.00000000000000000	0.06116753546086071	0.05383983397264781	0.00000000000000000	0.00000000000000000	0.03336697189637474	0.01497187549753020	0.39487370431968155	0.01268715126504284	0.15527439047979050	0.00000000000000000	0.00000000000000000	0.00080103086234971	0.00000000000000000	0.01788992742982196	0.00999863456670240	0.00200000000000000	0.79572189642527402	0.66443343407399369
Moffitt_GEO_array_GSM1844165	0.00191749437835039	0.01039362855106600	0.08557675926807437	0.11540442790801976	0.00000000000000000	0.10106244423386013	0.02047607150842656	0.02585207075338848	0.01225355868150052	0.00589276822966586	0.00000000000000000	0.10378445735952815	0.02824537616709247	0.15244269832336096	0.03117304652240057	0.18989948459315620	0.02041455928905418	0.01229953510782764	0.04257160915433630	0.00729807355333610	0.01462969663041968	0.01841223978713564	0.00200000000000000	0.69923696101359301	0.76569868801176200
Moffitt_GEO_array_GSM1844166	0.00205093397997289	0.02806995187439671	0.01150562515130370	0.09296640084247915	0.00000000000000000	0.15388254126930614	0.01302429248670761	0.00011441828688850	0.02466922108473210	0.00000000000000000	0.00435313203753448	0.05398178963408044	0.00543543398346182	0.35298053919878075	0.02385354755687116	0.18076371282097439	0.00000000000000000	0.00253386574052108	0.04490914997338188	0.00000000000000000	0.00000000000000000	0.00490544407860701	0.00200000000000000	0.80194192045761514	0.66862177853597504
Moffitt_GEO_array_GSM1844167	0.00000000000000000	0.02458802477789173	0.13502014377717272	0.05755600943082025	0.00000000000000000	0.16639986397558384	0.00875311141086741	0.00104866812845729	0.00512155991339193	0.00000000000000000	0.00000000000000000	0.02988198226323912	0.05686859262674597	0.16301017632593898	0.02092498946575460	0.18638640405730747	0.02110883171858603	0.00635414201181854	0.08830208675635792	0.00000000000000000	0.00000000000000000	0.02867541336006616	0.00200000000000000	0.68333929393745563	0.78334344607224549
Moffitt_GEO_array_GSM1844168	0.08966928389366137	0.00000000000000000	0.00057790497295378	0.10544910275792854	0.00000000000000000	0.02119859756259488	0.02357375041552929	0.06735283565763826	0.02107816829840027	0.01232432885480626	0.00000000000000000	0.09363047184177499	0.00000000000000000	0.34439314332304966	0.04422676894386959	0.11455119851692964	0.00988825602485488	0.00000000000000000	0.03648475836196251	0.00000000000000000	0.00465218107676463	0.01094924949728152	0.00200000000000000	0.71592121298090150	0.73267101441732585
Moffitt_GEO_array_GSM1844169	0.00263671915948028	0.01391908890488515	0.04470992354692284	0.02364993677578018	0.00000000000000000	0.08077788141611306	0.00000000000000000	0.01548489348442610	0.01943420913197694	0.00000000000000000	0.00000000000000000	0.06690198639310606	0.03684520684277898	0.41727588591465348	0.00029977238709605	0.15161382532993220	0.01573676761333709	0.01059029674020881	0.05534977451777282	0.04168267485367332	0.00005424868276601	0.00303690830509092	0.00200000000000000	0.85170131280771799	0.61136922323413412
Moffitt_GEO_array_GSM1844170	0.01003151864046417	0.01106842478027415	0.02968060318904989	0.04787253083727011	0.00000000000000000	0.08743011202217704	0.01159745559731291	0.00142265779479135	0.03998561497434037	0.00000000000000000	0.00000000000000000	0.02774190463812698	0.09553539907590204	0.28440316726322956	0.00895433223201673	0.19193633636008448	0.03471028884970657	0.03245170062186232	0.04547364236626319	0.00000000000000000	0.01136814429068809	0.02833616646644035	0.00200000000000000	0.65700115784911650	0.77716666166166004
Moffitt_GEO_array_GSM1844171	0.03388277516234899	0.00000000000000000	0.02972709041573288	0.09628594973246045	0.00000000000000000	0.21582383332315383	0.04087397191862997	0.00000000000000000	0.00103358314102054	0.00000000000000000	0.00111426588910832	0.02623661244401869	0.01264964221077006	0.28130209433243175	0.08348041717263735	0.13346663052072458	0.00261561551713366	0.01934333630191072	0.00236397170008726	0.01952178222377189	0.00000000000000000	0.00027842799405908	0.00200000000000000	0.62513725154116906	0.79521018504006624
Moffitt_GEO_array_GSM1844172	0.02796759989674539	0.00000000000000000	0.06875688614865003	0.05625390626539565	0.02982364485534851	0.08624914488047807	0.01509600671395226	0.01775900420677525	0.00000000000000000	0.02658369034490341	0.00000000000000000	0.06607476849648825	0.00641213404866125	0.28267853655212349	0.04025785074661892	0.15645010261737805	0.02137731453961158	0.00000000000000000	0.04642899800825670	0.02455801041445240	0.00186456149878491	0.02540783976537585	0.00200000000000000	0.78327759194735380	0.70127178753222630
Moffitt_GEO_array_GSM1844173	0.00000000000000000	0.01540846531443398	0.01054269986828021	0.03006409593226192	0.00000000000000000	0.09622056972829217	0.02240941637320035	0.01934477553538508	0.01477358400247505	0.00000000000000000	0.00000000000000000	0.07472752906029098	0.01982965860254316	0.34736501697184408	0.01952945928830123	0.20558296948192437	0.00874736154793986	0.01636587018401264	0.06695376893806605	0.00000000000000000	0.00761712616978251	0.02451763300096645	0.00200000000000000	0.65751112245412802	0.76839334276109306
Moffitt_GEO_array_GSM1844174	0.11504287392124625	0.00000000000000000	0.08651278663086057	0.05579861722182428	0.00241602267925074	0.23136182436969288	0.00000000000000000	0.00000000000000000	0.01137328093358358	0.01331587573677312	0.00000000000000000	0.10283064892029252	0.01065042981041490	0.14720451434063567	0.01563852222733121	0.15971418148316002	0.00259921774044374	0.01322104307288049	0.01955035280308238	0.00350344607788975	0.00587785350829198	0.00338850852234596	0.00200000000000000	0.62220563405032969	0.80197441844021655
Moffitt_GEO_array_GSM1844175	0.01834246053523885	0.01398456074451502	0.00742002368995059	0.10323484967870458	0.00000000000000000	0.14887693686581890	0.00000000000000000	0.08815453921832031	0.00738676963049695	0.02356996374257439	0.00000000000000000	0.03682387230522723	0.03376245540587466	0.08472202685524019	0.00928070545447775	0.18795891931963837	0.00736740107969142	0.04643860298014901	0.02896869794285584	0.11112064397826703	0.03364486060367136	0.00894170996928758	0.00200000000000000	0.51445895551333520	0.86189665380963598
Moffitt_GEO_array_GSM1844176	0.00930528713836661	0.00418892585524647	0.01771023908757464	0.06786215166897643	0.01412639592661586	0.08872729560091204	0.03094780449433379	0.02545933468686883	0.02062022371835303	0.00000000000000000	0.00000000000000000	0.07895165696901714	0.01011726580296560	0.27537598885516318	0.03268790773551522	0.16906130018718890	0.00812329068106038	0.00646521753191592	0.10751070665803547	0.00000000000000000	0.00000000000000000	0.03275900740189062	0.00200000000000000	0.63341140200364521	0.79387848590721288
Moffitt_GEO_array_GSM1844177	0.01693428133323177	0.00304258150772116	0.00733849552488948	0.10073351628978047	0.00000000000000000	0.09437155827883069	0.02418566436249703	0.04503809835137672	0.01496897567181260	0.00000000000000000	0.00000000000000000	0.07274196456354549	0.02280630219783027	0.14474815863447105	0.03946049216958167	0.24179833374263138	0.02461806284523754	0.00527552357525408	0.09397651452044604	0.00000000000000000	0.02902713572651975	0.01893434070434273	0.00200000000000000	0.68614977274754030	0.77481865709898912
Moffitt_GEO_array_GSM1844178	0.01762445891744641	0.00000000000000000	0.01612948411625419	0.05145357542278871	0.02407531739941727	0.10996264851619027	0.04276747331517547	0.01696076201419307	0.02759548001683534	0.00000000000000000	0.00000000000000000	0.03100561985294329	0.04133005300984607	0.33776286785728710	0.00000000000000000	0.15450603108038977	0.00163110441625850	0.05582386903739914	0.03881066985584510	0.00153613501607269	0.00402740329542456	0.02699704686023295	0.00200000000000000	0.60929978760965819	0.80310344026387492
Moffitt_GEO_array_GSM1844179	0.00000000000000000	0.02253936917526455	0.04765660257061102	0.05841283602101641	0.00000000000000000	0.09195835497037180	0.00000000000000000	0.02730779434355157	0.01776894204716695	0.01476657178733490	0.00000000000000000	0.07454267149467318	0.00037270313213019	0.24075184308434985	0.02186814665277438	0.21670959557635544	0.00362531425895243	0.02339401940551061	0.00000000000000000	0.10419173233160302	0.00603796548992138	0.02809553765841221	0.00200000000000000	0.69231033974309442	0.75223618638669976
Moffitt_GEO_array_GSM1844180	0.01682999718142724	0.02340507059305584	0.10992705347154348	0.11045247052141229	0.00000000000000000	0.05818321000399242	0.02619800825838070	0.03622999386471025	0.07151483653662864	0.00000000000000000	0.01315717545909946	0.03206340177064360	0.01066459497403457	0.27583140573616899	0.05277387645014536	0.10268696235709250	0.00000000000000000	0.02343498881532992	0.02342363933710752	0.00000000000000000	0.00407032861535780	0.00915298605386942	0.00200000000000000	0.70225559464990228	0.75825352723301798
Moffitt_GEO_array_GSM1844181	0.01232087257048916	0.01353734782357196	0.02407291198650341	0.07585598622935524	0.00000000000000000	0.11271822040379954	0.00000000000000000	0.00936757967521802	0.04644936021250704	0.00000000000000000	0.00000000000000000	0.08349116467158206	0.01345952567460942	0.43383474785409937	0.01272468161303195	0.08300453295021268	0.00000000000000000	0.00000000000000000	0.00000000000000000	0.07179967102788314	0.00000000000000000	0.00736339730713718	0.00200000000000000	0.76468969360923300	0.67987547627360934
Moffitt_GEO_array_GSM1844182	0.00000000000000000	0.04890957741565558	0.02223895897887231	0.02423432330833139	0.06199408881672619	0.02810815243944546	0.03844456936742251	0.00024509549415581	0.01730588388497898	0.00000000000000000	0.04434048325336361	0.00000000000000000	0.00000000000000000	0.47759904767929573	0.01198054404181413	0.13996072007079202	0.00832978846462950	0.00755195192901077	0.00000000000000000	0.04550458304516684	0.01046942452932683	0.01278280728101232	0.00200000000000000	0.82592774412828984	0.61895368549731677
Moffitt_GEO_array_GSM1844183	0.08954894735687624	0.08160939435494255	0.01276721099970593	0.07415445879352647	0.04877564130917643	0.13511147596574205	0.08776064338025552	0.04707363935542214	0.00000000000000000	0.01257371538860340	0.00000000000000000	0.02904660689352886	0.02212502933427884	0.22610699574824442	0.00563664582977613	0.08266614580753114	0.00000000000000000	0.03233455864197947	0.00000000000000000	0.01073282248145946	0.00075891863180248	0.00121714972714821	0.00200000000000000	0.76199363272180665	0.72347250620089010
Moffitt_GEO_array_GSM1844184	0.03403458472572302	0.00430039359886899	0.00832526703933390	0.07752956580092285	0.00000000000000000	0.15412230827605994	0.03220590842665993	0.08937916144391898	0.02879203924075822	0.01214865860038412	0.00000000000000000	0.05898427587756524	0.03462331205726283	0.05717713862402170	0.00606094394360128	0.18219619155675004	0.01431592093371835	0.04294426509122157	0.11027710299457992	0.00000000000000000	0.03810204018812139	0.01448092158052749	0.00200000000000000	0.44491781830192240	0.89665593749263084
Moffitt_GEO_array_GSM1844185	0.00991930161366773	0.00355242502582483	0.16295924435948458	0.08706022642239930	0.00588936393561573	0.09908894954993427	0.02682083220758207	0.00000000000000000	0.00964966448950310	0.00000000000000000	0.00000000000000000	0.05802409394666406	0.01470462570177364	0.19706831370041397	0.03728448395285561	0.20338450862842286	0.01510878854055710	0.00000000000000000	0.03799443041020546	0.00000000000000000	0.00364316710951629	0.02784758040557921	0.00200000000000000	0.72045717367241768	0.75197579062212250
Moffitt_GEO_array_GSM1844186	0.00000000000000000	0.01922954994658330	0.01501950929881406	0.04858015297893833	0.00000000000000000	0.16847986265057313	0.00776544362484166	0.01249300993503135	0.00000000000000000	0.00000000000000000	0.00000000000000000	0.04936699163557786	0.00000000000000000	0.39542558747681000	0.01035483713919311	0.09997583155001027	0.00000000000000000	0.02899759083640331	0.12316276281067984	0.01391763161894199	0.00000000000000000	0.00723123849760183	0.00200000000000000	0.77435232730346104	0.68865302687057528
Moffitt_GEO_array_GSM1844187	0.00000000000000000	0.00131130187023616	0.08821312858834902	0.11146605514998968	0.00280018170490144	0.16958672265567670	0.00000000000000000	0.00000000000000000	0.00000000000000000	0.00253080929725678	0.00000000000000000	0.13221404929039196	0.02620463285876436	0.14787793141041933	0.01978418125518424	0.11116738765888728	0.01484254233423261	0.00000000000000000	0.06517085273376379	0.09340981220339070	0.00000000000000000	0.01342041098855589	0.00200000000000000	0.59377265368413945	0.81516262914709225
Moffitt_GEO_array_GSM1844188	0.00961694625440687	0.00112336200059924	0.00018768216848084	0.03836763573369436	0.01760205472828292	0.05232965800836437	0.00000000000000000	0.01182655615661350	0.01683367099391644	0.00000000000000000	0.00000000000000000	0.04219070039070703	0.00000000000000000	0.60755203231486432	0.00051799138099023	0.11085592237504946	0.00150348653565226	0.00366734173739050	0.00000000000000000	0.04344429035283132	0.02385915390502149	0.01852151496313487	0.00200000000000000	0.60560775333884376	0.79866056082745540
Moffitt_GEO_array_GSM1844189	0.00000000000000000	0.04301096035270115	0.09308771643450461	0.07976405223771030	0.00000000000000000	0.03802325568606236	0.08327938488168062	0.02952634509103174	0.01496105353296081	0.00850210449814445	0.00000000000000000	0.06172758185579973	0.00000000000000000	0.17777279749360864	0.04999898393981148	0.15533612221194656	0.03173677489921794	0.01571910155946181	0.00000000000000000	0.06780380662769252	0.02608034475824638	0.02366961393941903	0.00200000000000000	0.73663766087728400	0.74561809539436663
Moffitt_GEO_array_GSM1844190	0.00893625167824233	0.00278078682008711	0.12042231429018663	0.07096639137096197	0.00000000000000000	0.04588134717734987	0.05558401969038374	0.04540873350879578	0.00000000000000000	0.00000000000000000	0.00000000000000000	0.11368824509475373	0.00663142753838639	0.23408900901917984	0.03943054319568240	0.16373330472444228	0.00000000000000000	0.04876925117832460	0.00000000000000000	0.02986143716966249	0.00565930300331570	0.00815763454024513	0.00200000000000000	0.78107618804469614	0.70255027780982660
Moffitt_GEO_array_GSM1844191	0.00000000000000000	0.04296372603514243	0.04084856049617380	0.18654332733636150	0.00000000000000000	0.03935320875811233	0.00000000000000000	0.02300872824482581	0.01633164203934970	0.04526875872381721	0.00000000000000000	0.10039700119252518	0.00000000000000000	0.19005911541740603	0.04953509179650248	0.14576217091802945	0.03560356184632438	0.00000000000000000	0.00000000000000000	0.06162538598877261	0.00912188654875702	0.01357783465790021	0.00200000000000000	0.68365444603759207	0.75954065602526422
Moffitt_GEO_array_GSM1844192	0.02294141045116064	0.02477209769658841	0.06027468381335854	0.07914799341814109	0.00000000000000000	0.21835341002320227	0.00000000000000000	0.01079208561297253	0.02769207032111345	0.00000000000000000	0.00000000000000000	0.05070612916546349	0.00000000000000000	0.27331261663925782	0.01939382512987450	0.14581213159360834	0.01374947268096562	0.00842720759634657	0.00000000000000000	0.02733386851989997	0.00630232867679261	0.01098866866125404	0.00200000000000000	0.80345454744340172	0.68676022228815004
Moffitt_GEO_array_GSM1844193	0.00000000000000000	0.02669423256180087	0.02692613928102007	0.08386462378291890	0.00000000000000000	0.19615847025639166	0.00000000000000000	0.00570053791755359	0.02523884321083349	0.00000000000000000	0.04675879859273802	0.03327520119495900	0.01266598288481307	0.28373106239190821	0.01378361784866217	0.17797026171317276	0.01811506327327654	0.01119147518179319	0.02829517557310665	0.00000000000000000	0.00947107692483305	0.00015943741021895	0.00200000000000000	0.63650781158633052	0.78924117131656524
Moffitt_GEO_array_GSM1844194	0.00000000000000000	0.01219374179545048	0.00577841957629713	0.03236207643238396	0.00000000000000000	0.10987489708453813	0.00000000000000000	0.01946045671929965	0.02173982538934740	0.00000000000000000	0.00000000000000000	0.05629714263238354	0.02213260363287440	0.28818213082136773	0.00373086378512700	0.21724822461108700	0.04560991866462059	0.02381491441770284	0.05716018184657302	0.00000000000000000	0.05041431059620149	0.03400029199474573	0.00200000000000000	0.67851912567313943	0.76026634891305478
Moffitt_GEO_array_GSM1844195	0.00000000000000000	0.03753483144709796	0.01977717726890486	0.00832401515141973	0.00000000000000000	0.17011912313679159	0.00034128536704608	0.01385747291894602	0.00846869200549532	0.00062543698018453	0.00000000000000000	0.02855387319945768	0.00000000000000000	0.33751469130962264	0.05087412557194696	0.24372942283049850	0.00000000000000000	0.01374465510290064	0.04215335874959703	0.00000000000000000	0.00759467011939407	0.01678716884069663	0.00200000000000000	0.78453693288056559	0.67837867967390819
Moffitt_GEO_array_GSM1844196	0.00281946097616363	0.02014588620477640	0.01357645148990203	0.09305022117170565	0.00000000000000000	0.14550277287183608	0.07951245180365350	0.04237702958324933	0.00118724373702176	0.00000000000000000	0.00000000000000000	0.06605640753261523	0.03545452680175527	0.10423973519832481	0.05012002820146513	0.14109919257445214	0.01933116201973043	0.07752203466084574	0.07576381490820754	0.00000000000000000	0.02350365227669114	0.00873792798760423	0.00200000000000000	0.67637246074508450	0.78675072900666265
Moffitt_GEO_array_GSM1844197	0.00000000000000000	0.06113041950445314	0.07704120632647289	0.09747417543116063	0.00000000000000000	0.17749152996149342	0.00000000000000000	0.00000000000000000	0.00000000000000000	0.01270827117270506	0.00000000000000000	0.08450331233192050	0.04841065374141008	0.07710435172453882	0.01199811835791675	0.19216332569714237	0.01823462302119943	0.01175408565571261	0.11399052488589097	0.00000000000000000	0.00461581954675694	0.01137958264122648	0.00200000000000000	0.65530272081720842	0.79762642973163023
Moffitt_GEO_array_GSM1844198	0.00528234320330524	0.03569052554611363	0.02936304823597197	0.08888977311256913	0.02160245954343086	0.03952105008652539	0.06090501449252945	0.03143380967309607	0.00765009218376835	0.00066000520687710	0.00000000000000000	0.01296385613029376	0.04358443453811417	0.32081084454265174	0.01441875403478773	0.19894871473136291	0.01251828111479563	0.02739845894734481	0.03157975657255312	0.00000000000000000	0.00931411957326717	0.00746465853064168	0.00200000000000000	0.70922250668082076	0.74304196524239685
Moffitt_GEO_array_GSM1844199	0.00000000000000000	0.02219118761544731	0.09909261892687632	0.08801601773449649	0.00000000000000000	0.13035712002907252	0.00643322709090707	0.00930556423610220	0.00213329975409108	0.00000000000000000	0.00000000000000000	0.06999592211517777	0.00154404444563898	0.28889093788229697	0.04089382844551486	0.19379213762388467	0.01640409692694042	0.00389269287264614	0.00912213405430973	0.00026539465079934	0.00246888975817644	0.01520088583762164	0.00200000000000000	0.77766232985858663	0.69818879618665730
Moffitt_GEO_array_GSM1844200	0.01833124360263934	0.00000000000000000	0.06852880359184556	0.04020052144867083	0.00000000000000000	0.14072469088744882	0.02632821994920113	0.00000000000000000	0.00000000000000000	0.00000000000000000	0.00000000000000000	0.04604082779412470	0.00000000000000000	0.24758100372267161	0.00377294310333315	0.19138772347734359	0.03412744349598291	0.05576779338790670	0.09729914674724736	0.00000000000000000	0.00694882897251831	0.02296080981906602	0.00200000000000000	0.65353542493073769	0.78804399043378881
Moffitt_GEO_array_GSM1844201	0.00459340586494733	0.01442251232537706	0.16010598985291633	0.06770005865302903	0.00199658047625689	0.08058178714496900	0.02210519997660393	0.02308009677366636	0.00907317761758997	0.01980219707417206	0.00000000000000000	0.02319367707262569	0.01889924679291143	0.21339305457850569	0.01987674600659004	0.20011180826356659	0.03730195770757622	0.01160135331414902	0.02578151586230135	0.02288108347457131	0.01198351156726231	0.01151503960041230	0.00200000000000000	0.74537417675545148	0.73729111652798174
Moffitt_GEO_array_GSM1844202	0.01227058162544985	0.00000000000000000	0.00944240948433647	0.01416254487013973	0.00000000000000000	0.06354615701896012	0.00762636441613264	0.03567190999561866	0.02756316839545955	0.00000000000000000	0.00000000000000000	0.02128653085858042	0.00000000000000000	0.43695731861345632	0.00275821789993648	0.18495214263556611	0.00051308992302536	0.02494169190898770	0.00000000000000000	0.09131205771869766	0.03669766051570817	0.03029815411994463	0.00200000000000000	0.81721334034946869	0.62298781945261072
Moffitt_GEO_array_GSM1844203	0.00260609523641257	0.00461344465158752	0.00389945801094371	0.06003753632900074	0.00000000000000000	0.00380352281156343	0.00541213659586036	0.01235299687600171	0.01443221076414927	0.00000000000000000	0.00000000000000000	0.03006149489035395	0.00957060373653536	0.66380822087975233	0.03543275967029647	0.11326454970937848	0.00299396353421184	0.00000000000000000	0.00000000000000000	0.02772093161418805	0.00000000000000000	0.00999007468976413	0.00200000000000000	0.88531017545809043	0.49542170169302285
Moffitt_GEO_array_GSM1844204	0.00798212108725459	0.00954878014765632	0.01562627248627807	0.03314297872245901	0.00000000000000000	0.10045196581638888	0.00000000000000000	0.02812111724120202	0.03472490625788163	0.00000000000000000	0.00000000000000000	0.07190592874091953	0.02179395544534554	0.31168702095716311	0.00388070868283905	0.23081272934781891	0.02184038851377520	0.01622315280503232	0.00000000000000000	0.02619702078300664	0.00973692657020628	0.05632402639477299	0.00200000000000000	0.68382718788607355	0.74951400103334254
Moffitt_GEO_array_GSM1844205	0.01079216436889568	0.00442719814101584	0.05951306639065446	0.06913296002483788	0.00000000000000000	0.16796295647867643	0.03270041765772438	0.02013093437283776	0.00000000000000000	0.05414726916707197	0.00000000000000000	0.06329416788119349	0.01384235927539250	0.16158974496577252	0.02661166904166186	0.19018944174989852	0.01844560235715927	0.00000000000000000	0.04452195852701679	0.02146436586218298	0.03599135052206030	0.00524237321594728	0.00200000000000000	0.60831983043814131	0.81521140582684892
Moffitt_GEO_array_GSM1844206	0.00265753529825530	0.01022169377172759	0.03477094453114099	0.04489321205453296	0.00000000000000000	0.07941825312777709	0.00000000000000000	0.02737571459521424	0.04894431163699300	0.00000000000000000	0.00000000000000000	0.05184676077724133	0.00000000000000000	0.49846471920569563	0.02711871104516847	0.11817989305157271	0.00696678246785333	0.00000000000000000	0.00000000000000000	0.02915297689687353	0.01541130207624101	0.00457718946371303	0.00200000000000000	0.82321005503390965	0.61728016816130993
Moffitt_GEO_array_GSM1844207	0.03446882799041809	0.00000000000000000	0.04053923639082773	0.14186796698118045	0.00736086308059969	0.10122838304563218	0.13819192149112394	0.02386942112473635	0.00468676184104356	0.00000000000000000	0.00000000000000000	0.01292026577169208	0.00317470191363683	0.22490387156476305	0.01489892483385560	0.15913712130782814	0.00000000000000000	0.04110004097893652	0.00000000000000000	0.04597808084275663	0.00299867497937991	0.00267493586158897	0.00200000000000000	0.64329604118903116	0.79469369711466187
Moffitt_GEO_array_GSM1844208	0.01865266271122615	0.00000000000000000	0.01922347967914220	0.20495607652876818	0.00000000000000000	0.01530456606406612	0.02917425486138224	0.08906350562796003	0.02061370137385770	0.00000000000000000	0.00000000000000000	0.10277086896605474	0.01669092663297025	0.19903030159202351	0.07406261614139048	0.15516629418397879	0.00623081414419650	0.00000000000000000	0.01433368267416945	0.00000000000000000	0.01986676802638786	0.01485948079242564	0.00200000000000000	0.57645010263747298	0.82383592012068196
Moffitt_GEO_array_GSM1844209	0.01611531194521092	0.00521835851404965	0.00000000000000000	0.07585948901179011	0.00000000000000000	0.15187610873733265	0.00000000000000000	0.01860155885294831	0.00493544261480853	0.00000000000000000	0.00000000000000000	0.09560130337051645	0.01496743218758032	0.14388056578193562	0.02527931125511320	0.29775623660437689	0.00000000000000000	0.00915324767856532	0.00000000000000000	0.11059925954157943	0.01516124127926607	0.01499513262492632	0.00200000000000000	0.54635786068295733	0.83960170035877679
Moffitt_GEO_array_GSM1844210	0.00845585637391520	0.01279349781136113	0.00000000000000000	0.04967286736532819	0.00000000000000000	0.15131272760579301	0.01582388390184617	0.00578140667475688	0.00000000000000000	0.00000000000000000	0.00000000000000000	0.04985120156618167	0.00140630915970451	0.37444680293134225	0.00228686402959243	0.26261657126772309	0.00528143549855056	0.01769031556532337	0.02366138813164861	0.00000000000000000	0.01130643821376798	0.00761243390316521	0.00200000000000000	0.77427781714246258	0.67390913824962329
Moffitt_GEO_array_GSM1844211	0.03049346132136883	0.00000000000000000	0.15492835759400631	0.08755859618916294	0.00000000000000000	0.13521088479487009	0.02765321646110564	0.01301823148973202	0.00937813515124522	0.03059237520260723	0.00000000000000000	0.03917038352685231	0.00029852496467019	0.19133152202673331	0.03193271829574731	0.15100465344071046	0.00994669076936951	0.02620298430862125	0.04656894670008466	0.00000000000000000	0.00618770372417732	0.00852261403893560	0.00200000000000000	0.73219656342731709	0.75001719582192550
Moffitt_GEO_array_GSM1844212	0.04483236119431010	0.00000000000000000	0.01662794173860704	0.09910100018817125	0.00000000000000000	0.22491385775871139	0.06520630584858089	0.01861544816657421	0.00000000000000000	0.00000000000000000	0.00000000000000000	0.04174583514721311	0.02350331677310567	0.11038747923665346	0.02145979650540873	0.24615090747330884	0.00600825142889399	0.02439396041930094	0.02284264513458300	0.00000000000000000	0.01942655752231892	0.01478433546425827	0.00200000000000000	0.52786258649541451	0.85604882039417229
Moffitt_GEO_array_GSM1844213	0.00875462749188863	0.01645459206962629	0.00829349938795077	0.03577671959737719	0.00000000000000000	0.05809359832889676	0.02649522008653252	0.02627655885688242	0.02877733460020900	0.00000000000000000	0.00000000000000000	0.01723278131920352	0.05306260607912260	0.39503251727880212	0.00418232367811308	0.24036787462552187	0.00000000000000000	0.01121807575969805	0.04475189395221717	0.00000000000000000	0.01222852000749416	0.01300125688046386	0.00200000000000000	0.85297774034168217	0.60711273142197020
Moffitt_GEO_array_GSM1844214	0.01760208535187461	0.02643621378192181	0.05299298980314435	0.05995297586686713	0.00000000000000000	0.18865334061955880	0.06111797802015797	0.02099979681490173	0.00000000000000000	0.00396678737995255	0.00000000000000000	0.03805174506614833	0.00617414671624113	0.19479802353573852	0.00563129783267486	0.14985953503496752	0.01373053439688870	0.05027441440432522	0.04130705478448989	0.01153990512740693	0.03626221791168408	0.02064895755105603	0.00200000000000000	0.74398653009059812	0.74833164081332026
Moffitt_GEO_array_GSM1844215	0.02504878706950421	0.00000000000000000	0.02531227375808033	0.08300141584540448	0.00000000000000000	0.11425285076281533	0.04261605465918578	0.03766925816358797	0.00822670832796207	0.03127473436214620	0.00000000000000000	0.06830002733564945	0.00989656914911483	0.13570259119329678	0.01127679997289603	0.20191633097898329	0.01823910078460380	0.05476562235821851	0.07875495872211798	0.00000000000000000	0.04422127702614100	0.00952463953029221	0.00200000000000000	0.66205938849579149	0.79184964900579036
Moffitt_GEO_array_GSM1844216	0.00000000000000000	0.01498039067855452	0.06435112727666156	0.04649472556743887	0.00000000000000000	0.08580864144398644	0.03973827659521519	0.00477813822202059	0.00259741593223156	0.00000000000000000	0.00000000000000000	0.05387277427606962	0.01747123243507527	0.22805408766422963	0.03086457961150630	0.16909790070468309	0.00001044415505928	0.06327633017175074	0.10185874722507333	0.00000000000000000	0.03417438848940568	0.04257079955103842	0.00200000000000000	0.77020994293418943	0.72494067593013956
Moffitt_GEO_array_GSM1844217	0.01415073376582089	0.00000000000000000	0.02568797890386144	0.09442778559567969	0.00000000000000000	0.07383007417174023	0.05718189031714171	0.02412333978661475	0.00000000000000000	0.00460453428204217	0.00000000000000000	0.05318546689074257	0.00690999311008125	0.22853442407427879	0.01541609529485622	0.28064520064769011	0.00000000000000000	0.04012450246246478	0.00682316338332054	0.01073474929686399	0.02137755303925843	0.04224251497754217	0.00200000000000000	0.44474523704498781	0.89528439472823540
Moffitt_GEO_array_GSM1844218	0.17795995265112835	0.00000000000000000	0.00000000000000000	0.08696393612327548	0.08750592243976418	0.20511283520590839	0.00403018911920996	0.07509495369235168	0.00000000000000000	0.01697648672305751	0.00000000000000000	0.08577377998617168	0.00000000000000000	0.13284060233512826	0.04037223229484701	0.06034332216094447	0.00000000000000000	0.00688083563116613	0.00000000000000000	0.01740221030782528	0.00274274132922173	0.00000000000000000	0.00200000000000000	0.61625285360402027	0.79708384575493207
Moffitt_GEO_array_GSM1844219	0.03920201811862429	0.00000000000000000	0.01374185528194876	0.08132620107859902	0.00000000000000000	0.17210479467477960	0.03700715092274622	0.01228566958990360	0.04453498756751892	0.00000000000000000	0.03301280187452508	0.01750825618956933	0.01713560622208605	0.32553358537344906	0.01226677191050119	0.11854103771190040	0.00848415519631279	0.02577681918765839	0.00000000000000000	0.01129125690376909	0.01496309180894621	0.01528394038716197	0.00200000000000000	0.42973656009548034	0.90355625457037447
Moffitt_GEO_array_GSM1844220	0.00000000000000000	0.01451886716789428	0.08924300552708045	0.03823413870139948	0.00000000000000000	0.06450401723397335	0.00635554125235501	0.02753581913547069	0.03234548319495279	0.00384406027363050	0.00000000000000000	0.03826650637606371	0.01716856516395094	0.36435562972787461	0.01075253741977198	0.18833881012244988	0.01794619328049738	0.00301576853709279	0.00000000000000000	0.02132476298973350	0.03265217947856908	0.02959811441723952	0.00200000000000000	0.72418584508967654	0.72160200229876248
Moffitt_GEO_array_GSM1844221	0.00000000000000000	0.03703316644763963	0.00167859205926931	0.08983233292112439	0.00000000000000000	0.23896993028581684	0.01046094869787567	0.07621800229077712	0.00646416541611618	0.00000000000000000	0.00000000000000000	0.05035834840866946	0.00000000000000000	0.16565648360752613	0.01531777771124900	0.19203449639539363	0.00000000000000000	0.01342649528230792	0.00000000000000000	0.08676919076524839	0.01578006971098641	0.00000000000000000	0.00200000000000000	0.58318630722415699	0.82230784140757074
Moffitt_GEO_array_GSM1844222	0.00139762227541906	0.02710894167613033	0.13950315652535200	0.05184926720269266	0.00000000000000000	0.04665408110559478	0.03125992092798992	0.00700166660345890	0.00232663739851420	0.03602767758284253	0.00000000000000000	0.01473192971310237	0.00000000000000000	0.43256778407352992	0.01403112541921430	0.15026285242047399	0.00052453320545157	0.00636037867756920	0.02869997965721099	0.00000000000000000	0.00169702433812405	0.00799542119732943	0.00200000000000000	0.82343201280261591	0.63634978667694908
Moffitt_GEO_array_GSM1844223	0.01764151347026187	0.00000000000000000	0.03668702688801184	0.05954884466647289	0.00000000000000000	0.05490514610273248	0.02069655712202456	0.03346856613687422	0.02437848471242463	0.00000000000000000	0.00805356884699275	0.02994919535775379	0.00000000000000000	0.42118548949421247	0.02619643011386528	0.16373544134314996	0.00000000000000000	0.05122717069002476	0.00000000000000000	0.01353127495671114	0.00617815460892371	0.03261713548956399	0.00200000000000000	0.84160189694797682	0.61652197866102376
Moffitt_GEO_array_GSM1844224	0.06453225452552856	0.00000000000000000	0.02699126510842086	0.10538577557711047	0.00000000000000000	0.04607998026071410	0.08701756710076322	0.04388229545127346	0.00298514404520907	0.00000000000000000	0.00000000000000000	0.06448231968353602	0.00792877735972371	0.21545174885952378	0.07353324663954527	0.17878364610076458	0.00162965954592247	0.01066700548455353	0.03107019922484585	0.00000000000000000	0.01511673560688534	0.02446237942567978	0.00200000000000000	0.62170660590891491	0.80421100430625603
Moffitt_GEO_array_GSM1844225	0.00962984460198518	0.00566609121486884	0.03573218202621520	0.05698697416358959	0.00000000000000000	0.11422031915493128	0.06319992800910360	0.01307911706553081	0.02254570825379000	0.00000000000000000	0.00812183212458274	0.03322524517277536	0.00521400358439064	0.37411205163466998	0.01849290103863823	0.13728618148962196	0.00562769107410024	0.04870122220418420	0.03715966738023516	0.00627885634453167	0.00000000000000000	0.00472018346225528	0.00200000000000000	0.80220896847886825	0.67257316199310369
Moffitt_GEO_array_GSM1844226	0.01388803002527937	0.00000000000000000	0.00326755095815713	0.06837715196819547	0.02542627142470676	0.20029590376001213	0.04752673869069938	0.01684443458872758	0.00000000000000000	0.01050789614523618	0.00000000000000000	0.04731299235801914	0.00000000000000000	0.23147821100915794	0.04843532289828342	0.21304227278108059	0.01283602431495256	0.01731424834664645	0.00035820171169187	0.00688831758580889	0.02268793576957814	0.01351249566376698	0.00200000000000000	0.74971793852950319	0.72100297079687259
Moffitt_GEO_array_GSM1844227	0.05340877269732065	0.03947649471189192	0.11172513779459428	0.06284324382144470	0.02173589153148879	0.06637528042840662	0.06357776543613769	0.01631462856770870	0.00085185747148249	0.00954749510516876	0.00000000000000000	0.04586650608447766	0.00000000000000000	0.26478917969480797	0.01155643672915592	0.07953372677319667	0.00000000000000000	0.05748774053355554	0.05967399690005230	0.00000000000000000	0.02546393064388714	0.00977191507522204	0.00200000000000000	0.75057972348876312	0.73556716531713295
Moffitt_GEO_array_GSM1844228	0.00474917387516261	0.02049307596807332	0.00853752868344715	0.05098601885884885	0.00000000000000000	0.11118044448165315	0.00717767560033608	0.03626362975134260	0.03296646771732079	0.00000000000000000	0.00396169601671003	0.03882324646022730	0.00000000000000000	0.36246940321007565	0.01553255175106202	0.19625832633539361	0.00843231941407916	0.01928971962605780	0.06404001932430442	0.00000000000000000	0.01016673881698316	0.00867196410892230	0.00200000000000000	0.63930378564926726	0.78075952280431027
Moffitt_GEO_array_GSM1844229	0.01486678539198317	0.00194032637783436	0.01852533739291696	0.11423937016926297	0.03594148923803223	0.20789594288181365	0.05400188796744788	0.00786779480012342	0.00000000000000000	0.00000000000000000	0.00000000000000000	0.05607619191308841	0.00654750747807907	0.17413634579277104	0.03276613805634339	0.16985082049406192	0.00748783703757670	0.05220214019435970	0.00000000000000000	0.02844452591938334	0.00484390781890662	0.01236565107601527	0.00200000000000000	0.58315122720783719	0.82364774504609262
Moffitt_GEO_array_GSM1844230	0.03248787542096297	0.02202701680895911	0.01071087629024936	0.04887699168103701	0.00000000000000000	0.07112568115887016	0.00000000000000000	0.08072887218441392	0.01966437625186123	0.00000000000000000	0.00000000000000000	0.06628441355736674	0.00000000000000000	0.44667008760994648	0.03124223110965932	0.13550292766736780	0.00140387799324271	0.00839355788050001	0.00000000000000000	0.01807977538990207	0.00537371293006242	0.00142772606559857	0.00200000000000000	0.72460823593239887	0.71048633169157294
Moffitt_GEO_array_GSM1844231	0.00205402468588854	0.02580050656136669	0.01466864506336402	0.06258690484030385	0.02081320849559140	0.09924228034601205	0.00000000000000000	0.04566052903060978	0.02569027248431455	0.00000000000000000	0.00000000000000000	0.07786656075015247	0.01827097088573411	0.26484638613784134	0.01648841566979507	0.20873806869299169	0.00885414106358265	0.05466803410403277	0.00000000000000000	0.01607342577588201	0.02740329562660505	0.01027432978593199	0.00200000000000000	0.45394078595019061	0.89050806857554377
Moffitt_GEO_array_GSM1844232	0.03270001826561482	0.01611966411424850	0.03915156360193748	0.11816031258362536	0.00000000000000000	0.00000000000000000	0.01258053134988716	0.12317662499969176	0.08821394786768419	0.00000000000000000	0.02847467235347381	0.00743647718666515	0.04749462832139219	0.21907946082759164	0.00982174250609521	0.14827157268193616	0.01156869716550116	0.00000000000000000	0.00000000000000000	0.03194881033718881	0.06580127583746651	0.00000000000000000	0.00200000000000000	0.46294604112661003	0.88658576472733686
Moffitt_GEO_array_GSM1844233	0.02675672868924731	0.01094483557754012	0.01462363648562334	0.06906033693111344	0.00000000000000000	0.08094530512244356	0.00000000000000000	0.05979092144401045	0.04471346894998809	0.00000000000000000	0.00000000000000000	0.05183737539166500	0.00000000000000000	0.46470800398631257	0.02016332481961340	0.07809131723433914	0.02022897916303241	0.00000000000000000	0.00000000000000000	0.04543874781693865	0.01105096331228577	0.00164605507584681	0.00200000000000000	0.77708071068961582	0.66854509916464955
Moffitt_GEO_array_GSM1844234	0.00828988707946898	0.01136356461335757	0.05039046512774121	0.08934850733165046	0.00000000000000000	0.18656055677591946	0.01970895781005236	0.01001178884785743	0.00857409791735046	0.00000000000000000	0.00000000000000000	0.06217436569418900	0.01268047409984366	0.22213044503260643	0.01582156915316260	0.12961567268802626	0.06394700092697632	0.02661392171367175	0.05255004762633739	0.00000000000000000	0.01263198303475353	0.01758669452703537	0.00200000000000000	0.68720695029597467	0.77236433888469003
Moffitt_GEO_array_GSM1844235	0.00234867212871409	0.02665387684282022	0.06353319339299571	0.04422565907686038	0.00000000000000000	0.14450905611327206	0.01408097734322727	0.01337427193305339	0.00000000000000000	0.00609944965436370	0.00000000000000000	0.10574006895382193	0.00000000000000000	0.17120821306070805	0.00069302960837040	0.12775608131160804	0.00000000000000000	0.05825587908232464	0.00000000000000000	0.13810747032135437	0.03581371815748453	0.04760038301902136	0.00400000000000000	0.36334123478915276	0.93574644374570970
Moffitt_GEO_array_GSM1844236	0.00000000000000000	0.04887232447307926	0.01496358014724863	0.07975854750913580	0.01395886602204191	0.09791583553519742	0.01499982160571563	0.01885179567022720	0.02357954326523631	0.00000000000000000	0.00000000000000000	0.06131763308917602	0.02755818719964928	0.42410449581528964	0.01462939520625989	0.07935992662839959	0.00000000000000000	0.01707017108695169	0.04655907237435612	0.00000000000000000	0.01650080437203557	0.00000000000000000	0.00200000000000000	0.54805127814804167	0.83692174027950872
Moffitt_GEO_array_GSM1844237	0.08880496294720965	0.00000000000000000	0.00773071450184471	0.09511923318240792	0.04482773462167658	0.09781421606739234	0.00610617521834042	0.04329722530729841	0.00173925763710205	0.00000000000000000	0.00085926962480310	0.05337604983618581	0.00000000000000000	0.32663708169356287	0.02076935559353431	0.15879751480731472	0.00000000000000000	0.01114521881344305	0.02420362733046409	0.00000000000000000	0.01877236281742001	0.00000000000000000	0.00200000000000000	0.58189504110638424	0.81869517244143586
Moffitt_GEO_array_GSM1844238	0.00863119919483256	0.00425868029753322	0.00168141021969140	0.03729811552284220	0.02455575653159416	0.06165503629446972	0.00000000000000000	0.03747619833551727	0.01850881401754414	0.00000000000000000	0.00000000000000000	0.03402110854943956	0.00247870015009591	0.50132283759657537	0.00551436723399806	0.18316094487763770	0.01361464764852860	0.00352212926210882	0.00000000000000000	0.03630014526914312	0.02081858710176136	0.00518132189668679	0.00200000000000000	0.71284872553828227	0.70901630488564815
Moffitt_GEO_array_GSM1844239	0.02032509292114660	0.00000000000000000	0.03707939054087633	0.05806774806119187	0.00000000000000000	0.16619322460021480	0.01606566756313722	0.00845893622947969	0.01382748872997815	0.00420242342862722	0.00468612851095903	0.01170098038776145	0.00000000000000000	0.26133570672340489	0.04757229744176137	0.24470491787976978	0.02625669394764590	0.00000000000000000	0.04805885766793611	0.00000000000000000	0.01323969772564302	0.01822474764046678	0.00200000000000000	0.74808738195602431	0.72252250417316344
Moffitt_GEO_array_GSM1844240	0.19833103181687617	0.00000000000000000	0.00000000000000000	0.02782379205586214	0.00000000000000000	0.23521108931552898	0.07630252836039171	0.06695310437993296	0.03283932641767617	0.00956630403949276	0.01803594897959914	0.00000000000000000	0.00000000000000000	0.13232772057845224	0.01880934542839646	0.08697892264263993	0.00000000000000000	0.04213506575543018	0.00000000000000000	0.04506567003131693	0.00962015019840425	0.00000000000000000	0.00200000000000000	0.61811700546705950	0.80648760381477769
Moffitt_GEO_array_GSM1844241	0.00000000000000000	0.10980269401087234	0.16191294883644244	0.14261563150635120	0.02114985584528080	0.09770498403811606	0.05295239345589257	0.00000000000000000	0.00000000000000000	0.00718638285563425	0.00000000000000000	0.12817754398215572	0.00000000000000000	0.09845108963052622	0.02117688353199144	0.06080165277831546	0.00194113566678629	0.00492539734349840	0.00000000000000000	0.07923791916157288	0.01196348735656405	0.00000000000000000	0.00200000000000000	0.65161651890697669	0.77682562332576199
Moffitt_GEO_array_GSM1844242	0.01651667792024739	0.00402327047979530	0.00758092924886785	0.14479679288580008	0.00000000000000000	0.18528157497730890	0.02211135209220912	0.00320416294401562	0.04613383256331547	0.00000000000000000	0.01723944810574135	0.04427535397933760	0.04974409558264199	0.20435277239111579	0.00826982775027729	0.18266547484598691	0.00352465036231052	0.00952047605488902	0.03755690717818903	0.00000000000000000	0.00000000000000000	0.01320240063795068	0.00200000000000000	0.37890427613509747	0.92734396378212569
Moffitt_GEO_array_GSM1844243	0.01900872316363531	0.00000000000000000	0.00554949696677019	0.17687648336274778	0.02336734912922481	0.09356232746009108	0.06976136293679221	0.00000000000000000	0.01392764003624793	0.00000000000000000	0.03515019678535855	0.00861973468303851	0.00933091888192500	0.33335523928463834	0.01371994088892254	0.14152414336334709	0.01100763206811900	0.01004016116157935	0.01869975883809772	0.00000000000000000	0.00717363302508002	0.00932525796438470	0.00200000000000000	0.78724170682394901	0.68552172232404107
Moffitt_GEO_array_GSM1844244	0.01850013266641313	0.00000000000000000	0.00066783476640294	0.05714697729815163	0.00000000000000000	0.13754780571369415	0.04333180587098987	0.00287118357423956	0.00859988294174602	0.00000000000000000	0.00128173644283422	0.02957266090932283	0.05885590442043041	0.24578114777930651	0.02004124536205710	0.29744754445046923	0.00748506788710814	0.00584773056299603	0.04710370647927335	0.00000000000000000	0.00253794759909269	0.01537968527547226	0.00200000000000000	0.65613568866439986	0.77589717201522379
Moffitt_GEO_array_GSM1844245	0.02405096273479243	0.00000000000000000	0.18621685310226491	0.14700528960854031	0.00000000000000000	0.02514074667671155	0.03884397850972312	0.01460856560979414	0.00000000000000000	0.05901809484499951	0.00000000000000000	0.11905739581939921	0.00000000000000000	0.08920788231954160	0.02115341642952719	0.19770588687527782	0.00000000000000000	0.01395894567067665	0.02886233161442558	0.00000000000000000	0.01150517954748043	0.02366447063684532	0.00200000000000000	0.71715879286364026	0.74397220024608834
Moffitt_GEO_array_GSM1844246	0.02682428807357219	0.05280401075151526	0.00000000000000000	0.05890433816644197	0.03214550962761018	0.38964509164252847	0.00000000000000000	0.00000000000000000	0.01248274556746346	0.00000000000000000	0.01700874734828590	0.05699258277382142	0.03283217907492686	0.11541719339105883	0.00489260153594574	0.15373237673773532	0.00531441362631427	0.01102479906838467	0.00000000000000000	0.01268807072953466	0.01005895825641781	0.00723209362844289	0.00200000000000000	0.60012279918105116	0.81112134725321150
Moffitt_GEO_array_GSM1844247	0.04608635077639550	0.00000000000000000	0.01253508108181601	0.10399678621669298	0.04605280276269324	0.21638492707712442	0.05932584077666960	0.00385652471064343	0.00000000000000000	0.00000000000000000	0.00479534319230162	0.04297227761864057	0.00912266795786900	0.14422144163404071	0.02193156269840109	0.23519215322952886	0.00852244940166998	0.00779049153907600	0.02494995312324293	0.00000000000000000	0.00472613575120571	0.00753721045198841	0.00200000000000000	0.57490173957782376	0.82995525258439840
Moffitt_GEO_array_GSM1844248	0.01447922797122331	0.00000000000000000	0.00110309414339782	0.27116120344519451	0.00000000000000000	0.08566098417180834	0.00000000000000000	0.00340273470328005	0.01446856340965492	0.00000000000000000	0.00000000000000000	0.07125315817951830	0.00585860797762960	0.34703550187328969	0.00585833116555952	0.13978238946883542	0.00000000000000000	0.00000000000000000	0.00000000000000000	0.02361713212295129	0.00395795838776582	0.01236111297989149	0.00200000000000000	0.72000089831716041	0.71798709451344933
Moffitt_GEO_array_GSM1844249	0.00466417050693853	0.01354568637420454	0.04004203737617375	0.15915339347399463	0.00000000000000000	0.11434684759718165	0.02798823164901266	0.02813310247704320	0.00000000000000000	0.03268956329693872	0.00000000000000000	0.07272676348269673	0.04041300772620185	0.07901665169711462	0.01169031535796925	0.14292429376088289	0.00776386525371321	0.01520352466976358	0.00000000000000000	0.15565112551515875	0.04779764178377972	0.00624977800123152	0.00200000000000000	0.56137737020293799	0.83393620828343940
