Mixture	B cells naive	B cells memory	Plasma cells	T cells CD8	T cells CD4 naive	T cells CD4 memory resting	T cells CD4 memory activated	T cells follicular helper	T cells regulatory (Tregs)	T cells gamma delta	NK cells resting	NK cells activated	Monocytes	Macrophages M0	Macrophages M1	Macrophages M2	Dendritic cells resting	Dendritic cells activated	Mast cells resting	Mast cells activated	Eosinophils	Neutrophils	P-value	Correlation	RMSE
PACA_AU_array_SA407918	0.00131595840290441	0.00000000000000000	0.15227396606538579	0.00000000000000000	0.00000000000000000	0.20467982176000929	0.03540250386891250	0.00168268035565370	0.00000000000000000	0.23899174088466016	0.00000000000000000	0.00000000000000000	0.00000000000000000	0.03881864094195966	0.06934500841566628	0.11565067481060080	0.01627274012181168	0.00000000000000000	0.12432316197968181	0.00000000000000000	0.00000000000000000	0.00124310239275408	0.00200000000000000	0.71364685077997136	0.75357109267255906
PACA_AU_array_SA408106	0.00000000000000000	0.00000000000000000	0.12403550907350665	0.00000000000000000	0.00000000000000000	0.28373868726380880	0.01458091606318798	0.00000000000000000	0.00000000000000000	0.12847849854188995	0.00000000000000000	0.00000000000000000	0.02734543845021627	0.08526433663554182	0.04141842704792965	0.11982674397081357	0.02283114712995831	0.00477806292999314	0.14770223289315387	0.00000000000000000	0.00000000000000000	0.00000000000000000	0.00200000000000000	0.62224115447823602	0.81339332323677582
PACA_AU_array_SA408314	0.01688581319664277	0.00000000000000000	0.05471785646600591	0.00000000000000000	0.00000000000000000	0.27225721912649564	0.01797860897703946	0.01129531119416830	0.00000000000000000	0.09899800973455523	0.00865518044543149	0.00000000000000000	0.00907740586706798	0.14514844605218161	0.05149094132260633	0.14920462527259296	0.05997955548218244	0.00059813083946314	0.09582534339461417	0.00000000000000000	0.00000000000000000	0.00788755262895250	0.00200000000000000	0.59651321300413707	0.82501409417922511
PACA_AU_array_SA408414	0.00000000000000000	0.00137398638742163	0.00463539648220153	0.00000000000000000	0.00000000000000000	0.21275177210389595	0.00000000000000000	0.00542746669720826	0.00308690585087516	0.04988676275405736	0.00583019588289206	0.00000000000000000	0.05027781325417689	0.20045904228728936	0.00736662866982610	0.27900670727507682	0.04632484061080834	0.01086852180611725	0.11626620835334776	0.00000000000000000	0.00000000000000000	0.00643775158480545	0.00200000000000000	0.71173341920902922	0.74697656885267139
PACA_AU_array_SA408530	0.00407029418437573	0.00000000000000000	0.08242660372664756	0.00765899692429408	0.00000000000000000	0.11500270105328932	0.04073114176004244	0.05930613334743978	0.00000000000000000	0.02098307354426161	0.04688081579735744	0.00000000000000000	0.00000000000000000	0.28167908682027237	0.11094342944268101	0.13340503629016848	0.00610689630706720	0.00000000000000000	0.09080579080210296	0.00000000000000000	0.00000000000000000	0.00000000000000000	0.00200000000000000	0.71465018975408823	0.74522615799102643
PACA_AU_array_SA408570	0.01748940370162867	0.00000000000000000	0.00994685229239258	0.00000000000000000	0.00000000000000000	0.15854054435083059	0.00495508711066717	0.02726368697124558	0.02148940613830759	0.00000000000000000	0.07950649426321595	0.00000000000000000	0.02131670268398187	0.19927255317429424	0.02654353768562910	0.17883099323516713	0.08377414716461852	0.01174011725865060	0.15933047396937058	0.00000000000000000	0.00000000000000000	0.00000000000000000	0.00200000000000000	0.40493455321686594	0.91407313484444097
PACA_AU_array_SA408706	0.01307798059858601	0.00000000000000000	0.00000000000000000	0.01235338984501069	0.00000000000000000	0.24426767939173308	0.00000000000000000	0.00000000000000000	0.02856735094814472	0.00000000000000000	0.01710573351044253	0.00424897771539792	0.06161886074999096	0.13645654151516778	0.02807186463820699	0.26511682459905705	0.07567763643528644	0.03394152240778666	0.07317897780097414	0.00000000000000000	0.00000000000000000	0.00631665984421505	0.00200000000000000	0.50853988922147553	0.86432936379127223
PACA_AU_array_SA408758	0.01756253401004785	0.00000000000000000	0.02413775425398624	0.00000000000000000	0.00000000000000000	0.31157145365251032	0.01966892714058284	0.01538116573796187	0.00000000000000000	0.16307335931312994	0.00000000000000000	0.00000000000000000	0.00000000000000000	0.05980860060649596	0.11295384072911460	0.09358581477079775	0.03784243010749554	0.00000000000000000	0.14441411967787718	0.00000000000000000	0.00000000000000000	0.00000000000000000	0.00200000000000000	0.43981505108703922	0.89723461126157189
PACA_AU_array_SA408843	0.00000000000000000	0.00393367445195339	0.13809452942332426	0.01247851019225158	0.00000000000000000	0.18434360701484642	0.04327552140683384	0.05064851584027465	0.02460658378897523	0.07157505691446291	0.03315509458577591	0.00000000000000000	0.00188490233521430	0.07596221032111379	0.15444572644298055	0.12536519721892417	0.00510880717333435	0.00000000000000000	0.06131726576188014	0.00104106089861483	0.00000000000000000	0.01276373622923974	0.00200000000000000	0.59642901868174758	0.81730199199434694
PACA_AU_array_SA408867	0.00664350077642535	0.00008484067969657	0.01136414779365079	0.00373138863925479	0.00000000000000000	0.00969097499726991	0.01732894462536108	0.00526921227369880	0.00979552473615225	0.00774228719558075	0.04789966506210500	0.00000000000000000	0.00000000000000000	0.62004226715760280	0.00853405255127222	0.23820240258927874	0.00000000000000000	0.00000000000000000	0.00465194993856893	0.00647587169314802	0.00254296929093396	0.00000000000000000	0.00200000000000000	0.81364455316450557	0.58808243707484809
PACA_AU_array_SA408946	0.00000000000000000	0.03150210015800897	0.00856887889728499	0.03470380133668621	0.00000000000000000	0.10438284230950860	0.00412926272410077	0.00000000000000000	0.02358996497416496	0.06438968496931959	0.02850848925833233	0.00000000000000000	0.12385369152161871	0.29289764071336116	0.02123266562198317	0.18004921845548955	0.00638877466002152	0.00144109413420647	0.07436189026591301	0.00000000000000000	0.00000000000000000	0.00000000000000000	0.00200000000000000	0.79681345446803109	0.68517033218248680
PACA_AU_array_SA409186	0.00000000000000000	0.00000000000000000	0.11564551033417152	0.00164213945747703	0.00000000000000000	0.25046398477514165	0.02249934445570156	0.00402154052269989	0.00000000000000000	0.06447553695502771	0.04443431369312665	0.00000000000000000	0.01306013738275481	0.11111499175295646	0.04862695811008631	0.19446433005073807	0.04280836563314449	0.00000000000000000	0.08674284687697392	0.00000000000000000	0.00000000000000000	0.00000000000000000	0.00200000000000000	0.59511534903035967	0.82735590711475637
PACA_AU_array_SA409398	0.00000000000000000	0.00000000000000000	0.02114707640281828	0.00000000000000000	0.00000000000000000	0.20106103331405620	0.01024227704693618	0.00000000000000000	0.00702902233821602	0.04023701196542880	0.01024751161830952	0.00000000000000000	0.10540730130203223	0.23659992793779555	0.04154541237861946	0.18529327815238453	0.01064594995918552	0.00227854363784840	0.12826565394636943	0.00000000000000000	0.00000000000000000	0.00000000000000000	0.00200000000000000	0.74701054715432813	0.73050389878472166
PACA_AU_array_SA409446	0.02441154308835014	0.00000000000000000	0.01981745832825834	0.00000000000000000	0.00000000000000000	0.36831416432652353	0.00437494614038550	0.00000000000000000	0.00953136197731737	0.04882390039033711	0.05609880948796366	0.00000000000000000	0.01936387711926250	0.09444009253590159	0.07177153585363906	0.10981054167788172	0.00586247576524101	0.00197602346634840	0.16540326984259021	0.00000000000000000	0.00000000000000000	0.00000000000000000	0.00200000000000000	0.52825999415490776	0.85474827596201786
PACA_AU_array_SA409590	0.00000000000000000	0.00410841734538576	0.03142823124235491	0.00094400675002798	0.00371534992784183	0.06519430753817197	0.14663927693488188	0.02557587712777216	0.02154463650834437	0.13436144770524175	0.07281126202482778	0.00000000000000000	0.01051022852148579	0.10643483113625793	0.10783263541633455	0.13359319880226486	0.02793634992331291	0.00000000000000000	0.10736994309549364	0.00000000000000000	0.00000000000000000	0.00000000000000000	0.00200000000000000	0.57703631594940463	0.82981566778545124
PACA_AU_array_SA409622	0.03321300333748338	0.00000000000000000	0.04811465380371949	0.00000000000000000	0.00000000000000000	0.25722220358634618	0.01119888043546729	0.00000000000000000	0.00000000000000000	0.04579679047023197	0.01980888542843495	0.00000000000000000	0.00000000000000000	0.27026521525296682	0.03318065977700640	0.12596148245231512	0.02112111123930499	0.00000000000000000	0.12226363454451439	0.00275096686266473	0.00000000000000000	0.00910251280954445	0.00200000000000000	0.41994667964832549	0.90736152956733607
PACA_AU_array_SA409662	0.00000000000000000	0.00000000000000000	0.04041830406004801	0.00000000000000000	0.00000000000000000	0.09672504320631199	0.03141252763261953	0.00189965777703520	0.00000000000000000	0.06158157043641806	0.00000000000000000	0.00000000000000000	0.09598420227626063	0.23582307546688827	0.00675866247618237	0.29022257011946606	0.02636909885164853	0.01542917986341079	0.08009335605626347	0.00000000000000000	0.00000000000000000	0.01728275177744702	0.00200000000000000	0.72479903935693746	0.73154423710159344
PACA_AU_array_SA409711	0.00815834752747645	0.00000000000000000	0.08373995818680495	0.00000000000000000	0.00000000000000000	0.15193299826858925	0.00453676704934232	0.03839295676165395	0.01735612901325546	0.02023690819523121	0.03491743389997759	0.00000000000000000	0.04691627018830039	0.15356248888976570	0.00273600027932547	0.17446856494052571	0.01576458108839404	0.08923725938893504	0.14916121919357175	0.00000000000000000	0.00000000000000000	0.00888211712885064	0.00200000000000000	0.37229335576090472	0.92791292854930585
PACA_AU_array_SA409775	0.00637625462236592	0.00548703315639087	0.01681803660169468	0.02206567456160126	0.00000000000000000	0.07649145361801883	0.02179637159771500	0.04700194690893444	0.04017016813936548	0.01599151364352996	0.03385575525322078	0.00000000000000000	0.00000000000000000	0.42246897302702330	0.02754679534272120	0.15345757373543067	0.00000000000000000	0.06772441192910911	0.03668247732109568	0.00000000000000000	0.00000000000000000	0.00606556054178293	0.00200000000000000	0.58237027261594543	0.81362119331150951
PACA_AU_array_SA409838	0.01454066499854120	0.00000000000000000	0.05629145741221808	0.00000000000000000	0.00000000000000000	0.33623637814662549	0.01533826840072247	0.00503604827288080	0.02984656381903351	0.15674056690058272	0.00000000000000000	0.00000000000000000	0.01922894844055608	0.05415953037046217	0.02172500500563921	0.16048698884243701	0.02357020874800653	0.02663777161104498	0.08016159903124967	0.00000000000000000	0.00000000000000000	0.00000000000000000	0.00200000000000000	0.61966458006755898	0.80890845321633964
PACA_AU_array_SA409891	0.00359608439563948	0.00000000000000000	0.01955466436130492	0.00000000000000000	0.00000000000000000	0.21546728786673558	0.00910525890668054	0.00663690050743674	0.00000000000000000	0.06339465683258447	0.00394388381016140	0.00000000000000000	0.00000000000000000	0.29713810774491878	0.04015547561093973	0.19974227650656537	0.01995851856923868	0.00000000000000000	0.12130688488779420	0.00000000000000000	0.00000000000000000	0.00000000000000000	0.00200000000000000	0.75146172919186616	0.71495895880115123
PACA_AU_array_SA410030	0.00000000000000000	0.00321252060528753	0.00548965977825586	0.00000000000000000	0.00000000000000000	0.15141265207823765	0.02662007950835089	0.00002211936123634	0.04891105393832963	0.05820972346832945	0.01447793609166485	0.00000000000000000	0.00160004453963978	0.47392697646384518	0.05105748593083245	0.12016560394951362	0.00009925608325246	0.00000000000000000	0.04479488820322443	0.00000000000000000	0.00000000000000000	0.00000000000000000	0.00200000000000000	0.82799376046110806	0.61887530298119953
PACA_AU_array_SA410054	0.00973556726484343	0.00000000000000000	0.03927530159395493	0.00000000000000000	0.00000000000000000	0.09059237908779942	0.00000000000000000	0.02455895821098899	0.02161427909891150	0.02275723233725399	0.03810737676880586	0.00000000000000000	0.00032076536861730	0.29973013278398897	0.03025126482343226	0.32112601380705502	0.01163142081688679	0.00000000000000000	0.08001959244429051	0.00000000000000000	0.00000000000000000	0.01027971559317098	0.00200000000000000	0.74461598448960653	0.70633973670135353
PACA_AU_array_SA410103	0.00000000000000000	0.02492222158243782	0.09943991119943991	0.01564065957109371	0.00000000000000000	0.17608356017988624	0.04411545592687986	0.03489580498964642	0.00000000000000000	0.04172255863096576	0.00000000000000000	0.02444697282871284	0.04651718340611959	0.01836195199608900	0.05911602641405144	0.14964001759350393	0.03430336756641671	0.00013765806090866	0.23065665005384817	0.00000000000000000	0.00000000000000000	0.00000000000000000	0.00200000000000000	0.53559388809971920	0.85684692988396183
PACA_AU_array_SA410118	0.00000000000000000	0.00000000000000000	0.15740325867503799	0.00713654191637994	0.00000000000000000	0.20536625525910995	0.00000007001099409	0.02142944940086227	0.04840065043873677	0.00000000000000000	0.00000000000000000	0.02810433116127138	0.00531813869008966	0.16270438303604118	0.06575143439036872	0.15672548406721265	0.01252440768146540	0.00000000000000000	0.12206282084498044	0.00000000000000000	0.00000000000000000	0.00707277442744973	0.00200000000000000	0.59448596046465529	0.82474160182636869
PACA_AU_array_SA410207	0.02045961233848971	0.00000000000000000	0.04522521149824954	0.00544223008383919	0.00000000000000000	0.23344871181587912	0.03574096828490454	0.00000000000000000	0.02484131699036034	0.07167039059258205	0.02734684951736657	0.00000000000000000	0.00000000000000000	0.36298162048578886	0.06356253181995078	0.06188131131916055	0.01768239210516848	0.00961383725392988	0.02010301589433033	0.00000000000000000	0.00000000000000000	0.00000000000000000	0.00200000000000000	0.67310752110345307	0.76182495894211377
PACA_AU_array_SA410263	0.01214477135061327	0.00495329186100564	0.18022770670402691	0.02374383286845718	0.00000000000000000	0.21432861499849262	0.04861578123568337	0.01770565533618864	0.00000000000000000	0.03131156927147336	0.01840594271148647	0.00000000000000000	0.04026162511763450	0.08910274162673544	0.04155309543278541	0.12259364071773148	0.05372897684484821	0.05244064435809873	0.04888210956473878	0.00000000000000000	0.00000000000000000	0.00000000000000000	0.00200000000000000	0.64996688790525925	0.80338486487075711
PACA_AU_array_SA410286	0.01069294135501066	0.00000000000000000	0.05858384268509315	0.00000000000000000	0.00000000000000000	0.17018268857595537	0.00000000000000000	0.00000000000000000	0.00000000000000000	0.02014644486214765	0.01556443033345131	0.01241313480859794	0.00245651627618217	0.44404911479655884	0.01571574164043705	0.14408742077466086	0.00000000000000000	0.00562637339472776	0.10048135049717734	0.00000000000000000	0.00000000000000000	0.00000000000000000	0.00200000000000000	0.79160985190802724	0.65978048899417596
PACA_AU_array_SA410310	0.02787656213637636	0.00000000000000000	0.01323079450766308	0.01040639668533988	0.00000000000000000	0.32420423260421111	0.04419076311713241	0.00000000000000000	0.00000000000000000	0.04402316786475963	0.03605322065600517	0.00000000000000000	0.04311061441192501	0.13824671820376636	0.07601449467099310	0.12421556776519416	0.01664978346005513	0.00000000000000000	0.10177768391657878	0.00000000000000000	0.00000000000000000	0.00000000000000000	0.00200000000000000	0.51123415551010143	0.86447842532797270
PACA_AU_array_SA410382	0.01598725391909746	0.00000000000000000	0.17655630061423355	0.02741636503751785	0.00000000000000000	0.28949002654700950	0.01997711804630272	0.00000000000000000	0.01162776840063739	0.03353551851053735	0.01649145782893792	0.00000000000000000	0.10466889462537234	0.05175888216069749	0.04966868051261118	0.07639943096418292	0.01698949077951897	0.00000000000000000	0.10943281205334331	0.00000000000000000	0.00000000000000000	0.00000000000000000	0.00200000000000000	0.70370808025104226	0.77456442398917880
PACA_AU_array_SA410383	0.00703673694746746	0.00000000000000000	0.00717952400267064	0.00000000000000000	0.00000000000000000	0.10174814320287730	0.16510250167178464	0.02167364487378457	0.00000000000000000	0.00016618086829497	0.07520830992233192	0.01343249701496672	0.05367783828115900	0.11939900157814082	0.08102564931614091	0.22789999939925581	0.00120524693978460	0.04098524806693143	0.08425947791440899	0.00000000000000000	0.00000000000000000	0.00000000000000000	0.00200000000000000	0.52138663428444176	0.85937990052935098
PACA_AU_array_SA410410	0.02037388685670791	0.00000000000000000	0.00734242801117712	0.00651310919728355	0.00000000000000000	0.17444317613199414	0.01689910848117470	0.02171354541983105	0.00406084620196271	0.03099166025957939	0.03654512325504693	0.00000000000000000	0.00595598011620807	0.38251383287166107	0.03801937172423091	0.17187361993579414	0.00594337079654124	0.00067402415624873	0.07613691658455847	0.00000000000000000	0.00000000000000000	0.00000000000000000	0.00200000000000000	0.78511889490200593	0.67578317817656286
PACA_AU_array_SA410503	0.01313079993354630	0.00000000000000000	0.00879882242888151	0.02236188049669081	0.00000000000000000	0.20662328659862989	0.06519551463094382	0.00741971521257372	0.00800631869249932	0.05192326160980431	0.01551331849748135	0.00000000000000000	0.03721563232876882	0.07076014473606883	0.04998760710740702	0.16001475892052586	0.08188748026105064	0.00000000000000000	0.19904352298966879	0.00000000000000000	0.00000000000000000	0.00211793555545910	0.00200000000000000	0.69749499619723199	0.77915161653589404
PACA_AU_array_SA410535	0.00068437663339829	0.00000000000000000	0.08888376909868172	0.00272440951907694	0.00000000000000000	0.15422850130512095	0.02394108444896068	0.00000000000000000	0.01077520833266545	0.05364096852883916	0.03845810685862387	0.00000000000000000	0.01674809687594193	0.35135401436805552	0.03708785602388320	0.17244719476088621	0.00432643488344927	0.00000000000000000	0.00990057980573827	0.03479939855667857	0.00000000000000000	0.00000000000000000	0.00200000000000000	0.82948891920606838	0.64810417143486265
PACA_AU_array_SA410566	0.00698344689497784	0.00636968171336543	0.07300667820677217	0.03855603053963064	0.00000000000000000	0.39761195243652125	0.00000000000000000	0.00000000000000000	0.03315841092614461	0.00000000000000000	0.00000000000000000	0.03855489976469798	0.05704073953975135	0.08741969333339980	0.06029767493233980	0.07430982411555774	0.04880400984496912	0.00000000000000000	0.07788695775187221	0.00000000000000000	0.00000000000000000	0.00000000000000000	0.00200000000000000	0.42208396541390231	0.90601600193681553
PACA_AU_array_SA410582	0.00517328512781067	0.00000000000000000	0.13931247470806549	0.00144193839357928	0.00000000000000000	0.12715505318981049	0.01601743239394524	0.02641747186314577	0.03027976823519691	0.00000000000000000	0.06614581212087886	0.00000000000000000	0.01216142441973226	0.22279601410740676	0.00912775083803090	0.18934017061590261	0.00000000000000000	0.05378513580014968	0.08511474724313607	0.01061045568901673	0.00000000000000000	0.00512106525419236	0.00200000000000000	0.58854626484056849	0.82461612469947287
PACA_AU_array_SA410742	0.00355432557275736	0.02128240474899975	0.00901229059969274	0.02077455834964006	0.00000000000000000	0.17328142399570320	0.00148448974588190	0.00111180859474495	0.01559892277644573	0.11747128377734990	0.00000000000000000	0.00000000000000000	0.00000000000000000	0.29967185634072330	0.11885822841447237	0.11704901625664817	0.01614896534983974	0.00000000000000000	0.07868278174445824	0.00000000000000000	0.00000000000000000	0.00601764373264278	0.00200000000000000	0.56564225211478814	0.82756066311620713
PACA_AU_array_SA410750	0.00000000000000000	0.00771278903138226	0.23128336124151244	0.01278988110923925	0.00000000000000000	0.12825394243590435	0.01440380672135812	0.01250800651472436	0.03697732465215714	0.00000000000000000	0.02358777273398886	0.00000000000000000	0.02679436831073637	0.22779855304783309	0.04866374505153696	0.10802637904652337	0.00529830664028822	0.00000000000000000	0.11322872560127709	0.00000000000000000	0.00000000000000000	0.00267303786153807	0.00200000000000000	0.67690030072891139	0.77298432656814897
PACA_AU_array_SA410758	0.01504155410115708	0.00000000000000000	0.22349442544228476	0.01682778667417586	0.00000000000000000	0.21153964010849480	0.03479019966731532	0.01247020349359490	0.02567165517629733	0.00000000000000000	0.06707398901290093	0.00000000000000000	0.01821000523961186	0.10044167473930349	0.01691965391876421	0.13143500716214038	0.03977999648244186	0.00000000000000000	0.05867176099192292	0.02160106485402974	0.00000000000000000	0.00603138293556455	0.00200000000000000	0.43927352018986843	0.89865407409674281
PACA_AU_array_SA410763	0.01727179293696325	0.00000000000000000	0.14498113571524271	0.05936984341698513	0.00000000000000000	0.15504352574026581	0.03962185345083034	0.00980325164881614	0.01087913164742965	0.07046764028840531	0.00000000000000000	0.00479547855460677	0.00000000000000000	0.11955322299233176	0.08819829793835005	0.16688393319962996	0.01783601026175192	0.00000000000000000	0.09529488220839127	0.00000000000000000	0.00000000000000000	0.00000000000000000	0.00200000000000000	0.70590412150594761	0.76926361414105771
PACA_AU_array_SA410859	0.00869760084826211	0.00534858542352570	0.02876362577606125	0.02456723827090513	0.00000000000000000	0.21148745815040165	0.04993488705492196	0.00272871577787578	0.05365442340824828	0.00000000000000000	0.06927512272560796	0.00000000000000000	0.00580503831899180	0.19925065813751061	0.06997107702959698	0.11094968339825528	0.00916894442745111	0.02852662434204006	0.11402288169989398	0.00000000000000000	0.00000000000000000	0.00784743521045041	0.00200000000000000	0.47935763726075564	0.87936413172431871
PACA_AU_array_SA410883	0.00775721416222254	0.00000000000000000	0.12303227283415864	0.00582445023428505	0.00000000000000000	0.18028841893521508	0.00106909285055545	0.01931155718266188	0.05879306433612011	0.01985524174367444	0.04549478205499054	0.00000000000000000	0.03010668780864114	0.15022617237691788	0.08050513856211070	0.11053761065029620	0.02409402487941743	0.02690907680773002	0.11619519458100279	0.00000000000000000	0.00000000000000000	0.00000000000000000	0.00200000000000000	0.51560261455689682	0.86455852160783386
PACA_AU_array_SA410899	0.02227156377686891	0.00000000000000000	0.05040559054824119	0.00000000000000000	0.00000000000000000	0.10723608908495484	0.00000000000000000	0.03426340543289352	0.05660610426476619	0.04382573455999166	0.00000000000000000	0.00000000000000000	0.00359595154236917	0.28556983815260578	0.02125553971436856	0.12903397319540208	0.00264198562701688	0.05061007474017926	0.18525529538792890	0.00546537581584483	0.00000000000000000	0.00196347815656815	0.00200000000000000	0.60760422867903396	0.80971070289060398
PACA_AU_array_SA411042	0.00311396077782701	0.00000000000000000	0.10713005797871815	0.01432259188143415	0.00000000000000000	0.09323928646419534	0.05061110824617156	0.04745412584244113	0.00426979098125330	0.04110578714572468	0.02845873041944459	0.00000000000000000	0.00000000000000000	0.20370341495060820	0.01093058502375902	0.18711902330742614	0.00314032421682431	0.03977317162147107	0.15638195992832152	0.00000000000000000	0.00000000000000000	0.00924608121437998	0.00200000000000000	0.64706164977149261	0.79785960683300183
PACA_AU_array_SA411189	0.01110236973759813	0.00782450532367170	0.01106769934055243	0.00067536794505929	0.00000000000000000	0.12866444910458102	0.01086470591683688	0.05371278493671665	0.00000000000000000	0.00000000000000000	0.08477385608691711	0.00000000000000000	0.00000000000000000	0.41112793934775227	0.08763802699674676	0.14310073726037303	0.00000000000000000	0.00000000000000000	0.03016385663651215	0.01324012497311592	0.00000000000000000	0.00604357639356668	0.00200000000000000	0.70388625701570673	0.72823493395483152
PACA_AU_array_SA411209	0.00075095353768098	0.00545965639948671	0.03015899799783774	0.02791260571077019	0.00000000000000000	0.23516901150805813	0.00647219006285165	0.01817628173724222	0.02210518763982813	0.04091395466669176	0.07219184453693483	0.00000000000000000	0.00081626521539111	0.09266418028257618	0.04176302250776912	0.26379443719095125	0.01877209013514802	0.00000000000000000	0.12236306452316519	0.00000000000000000	0.00000000000000000	0.00051625634761685	0.00200000000000000	0.49287333439953362	0.87293320451235346
PACA_AU_array_SA411241	0.00480245913080676	0.00000000000000000	0.01305199601625826	0.00000000000000000	0.00000000000000000	0.25890142791764897	0.05186247503157367	0.00496002635141845	0.01087751474484690	0.00102610898305092	0.05977896591841429	0.00000000000000000	0.06475302156954446	0.18664559677864270	0.03194164644833155	0.17629271829203652	0.02481996586089348	0.01758932874241764	0.09269674821411540	0.00000000000000000	0.00000000000000000	0.00000000000000000	0.00200000000000000	0.61992123074296990	0.81111710177886231
PACA_AU_array_SA411261	0.04098987181316960	0.00000000000000000	0.00907378463020527	0.02869143872088856	0.00000000000000000	0.10922902138184548	0.03551750004788602	0.01884892323850262	0.04493258918055745	0.01924736121999342	0.01490360843009388	0.00000000000000000	0.07506896254863510	0.26245471715265228	0.02400567167961335	0.17367525850454191	0.00000000000000000	0.00000000000000000	0.14336129145141518	0.00000000000000000	0.00000000000000000	0.00000000000000000	0.00200000000000000	0.56850465868161038	0.83246764812058027
PACA_AU_array_SA411305	0.01839735310210379	0.00000000000000000	0.01771936962719679	0.00000000000000000	0.00000000000000000	0.15727163582518147	0.02735101037946557	0.04474344478689354	0.02174597687097125	0.00044539406088036	0.01967588419460552	0.00000000000000000	0.00000000000000000	0.31108284406907033	0.01809432494712999	0.20194786109920618	0.03532390583761887	0.00000000000000000	0.10957451490878564	0.00000000000000000	0.00251661122127041	0.01410986906962054	0.00200000000000000	0.57832989496872200	0.82207762490976499
PACA_AU_array_SA411397	0.00916230866274308	0.00392607562778033	0.04767767598035279	0.03218107000217934	0.00000000000000000	0.13821985794537794	0.07352700169354272	0.04550943388345201	0.02993687925160279	0.04965339631837182	0.01487613105442994	0.00535428569284878	0.00847960111633579	0.13866755659686622	0.11190049348762193	0.09133510634178504	0.02940810175666314	0.00000000000000000	0.17018502458804621	0.00000000000000000	0.00000000000000000	0.00000000000000000	0.00200000000000000	0.64053246485439397	0.80237532497444264
PACA_AU_array_SA411406	0.00000000000000000	0.02717542112339766	0.17006730113459301	0.01567516061564092	0.00000000000000000	0.18214919360083148	0.00000000000000000	0.00000000000000000	0.07839835760172395	0.00508513963991942	0.00000000000000000	0.01256410886988843	0.01481693186946242	0.14792254252375192	0.05075549511483965	0.13860467116145705	0.00357851244348681	0.07472707923931299	0.07848008506169438	0.00000000000000000	0.00000000000000000	0.00000000000000000	0.00200000000000000	0.72951575351539810	0.75519481125380683
PACA_AU_array_SA411454	0.00000000000000000	0.00918646722596565	0.09739457125286453	0.00339181711179617	0.00000000000000000	0.20662561054839290	0.00732471714340565	0.00928685093723899	0.01760731190340294	0.03648952106818733	0.01625991075607818	0.00000000000000000	0.07448099837355712	0.17864241449309839	0.04313947627486612	0.11185080080825396	0.03786823363677912	0.04348445379854401	0.10696684466756892	0.00000000000000000	0.00000000000000000	0.00000000000000000	0.00200000000000000	0.63039491282992610	0.81144231050251481
PACA_AU_array_SA411578	0.04068232554859347	0.00000000000000000	0.11929532932261575	0.00000000000000000	0.00000000000000000	0.11861397194697056	0.07592610231730924	0.03336598693037343	0.01035606479193615	0.05944593150780340	0.04273441140105073	0.00000000000000000	0.01367224265939434	0.19813247227781156	0.11934809075095519	0.07429403355910157	0.00000000000000000	0.00899094379332155	0.08065727093668211	0.00000000000000000	0.00000000000000000	0.00448482225608104	0.00200000000000000	0.60669261218327886	0.81593759170182445
PACA_AU_array_SA411721	0.00000000000000000	0.01778219543574024	0.04282960571152605	0.00895728149726908	0.00000000000000000	0.29980815335710514	0.00190765582425642	0.00516413219526651	0.01461940240458081	0.05372196441438251	0.00185407827647253	0.00000000000000000	0.03250809304043668	0.06912167459243289	0.02345039905699978	0.24063983266107597	0.04529614159272157	0.02342297744293154	0.11891641249680222	0.00000000000000000	0.00000000000000000	0.00000000000000000	0.00200000000000000	0.54740238991801404	0.84993441977490192
PACA_AU_array_SA411745	0.00000000000000000	0.00000000000000000	0.17677329887075671	0.00277147464354047	0.00000000000000000	0.21052458943939534	0.04323423542687674	0.00756942637313331	0.02183720433623857	0.08193601232033400	0.00000000000000000	0.00000000000000000	0.02382082316574720	0.09959401047267201	0.02918657702596023	0.10791780122919799	0.07434044935588137	0.01259694271796552	0.10572278635592874	0.00000000000000000	0.00000000000000000	0.00217436826637192	0.00200000000000000	0.58462814212956105	0.83543709207778816
PACA_AU_array_SA411769	0.00000000000000000	0.01701346824815489	0.03915189715212592	0.00000000000000000	0.00000000000000000	0.32121769117777504	0.00000000000000000	0.00000000000000000	0.02900500047957972	0.05844038393477527	0.01922473162986593	0.00000000000000000	0.00251280996681280	0.22757764588345097	0.01988564139391581	0.18490036251675507	0.00226557975996906	0.01592840702240937	0.06287638083441027	0.00000000000000000	0.00000000000000000	0.00000000000000000	0.00200000000000000	0.62110347428705392	0.80280878306805359
PACA_AU_array_SA411833	0.02024760633526950	0.00000000000000000	0.16647931384897841	0.08139879058573446	0.00000000000000000	0.09048623552288268	0.05409866964127160	0.00000000000000000	0.01700914001924093	0.17231200686030101	0.00000000000000000	0.00000000000000000	0.00000000000000000	0.18044570707769650	0.08879489596813567	0.09670335060000061	0.00000000000000000	0.00000000000000000	0.01388061259919503	0.01571445920955919	0.00000000000000000	0.00242921173173460	0.00200000000000000	0.76047429095322094	0.71888990557268428
PACA_AU_array_SA411923	0.00945490304817138	0.00710736486590414	0.00916295489016107	0.01542620266454242	0.00000000000000000	0.00233361340010672	0.01407324315103719	0.02672677828557495	0.06569672568656881	0.00821941292092049	0.04443084945952642	0.00000000000000000	0.00000000000000000	0.62706112248932455	0.02021709189358624	0.13369281175184108	0.00000000000000000	0.00000000000000000	0.01468996014768104	0.00000000000000000	0.00000000000000000	0.00170696534505341	0.00200000000000000	0.80343684254846781	0.60729334276532909
PACA_AU_array_SA412003	0.10980006900244531	0.02394817304569136	0.05279974494539768	0.01446806593176391	0.05561870771816962	0.18321333026833947	0.02186891474779356	0.04027899848586412	0.05119024771783020	0.08464761397274094	0.01032152182580213	0.00000000000000000	0.00000000000000000	0.18253860393040652	0.02784323607695198	0.08819127528718416	0.00000000000000000	0.02813851234775746	0.02513298469586163	0.00000000000000000	0.00000000000000000	0.00000000000000000	0.00200000000000000	0.68242476658861384	0.77702852269510370
PACA_AU_array_SA412076	0.02142871946325294	0.00000000000000000	0.00606424557727505	0.00000000000000000	0.00000000000000000	0.20906416012936371	0.03403569933514768	0.02179278273433327	0.03145848802194268	0.00733623584192627	0.07573264397376953	0.00363178859373459	0.00000000000000000	0.28446945791770262	0.03208329812211815	0.11574854944524128	0.00000000000000000	0.09053553055568876	0.06661840028850334	0.00000000000000000	0.00000000000000000	0.00000000000000000	0.00200000000000000	0.43320861243965192	0.90095296147141035
PACA_AU_array_SA412212	0.00125373639149836	0.01466008880696653	0.01243674179993788	0.00000000000000000	0.00000000000000000	0.06209748873828710	0.00734313384058507	0.01989288622345254	0.02321552491545465	0.07867186249733289	0.00000000000000000	0.00883419306634660	0.00000000000000000	0.45022175739135717	0.03886249512994763	0.15871583014652105	0.00000000000000000	0.00000000000000000	0.10996902525995605	0.00000000000000000	0.00000000000000000	0.01382523579235662	0.00200000000000000	0.68833261849514193	0.73633164144199925
PACA_AU_array_SA412367	0.02232247842494827	0.00000000000000000	0.04449567414709842	0.01516140692281749	0.02477374518770138	0.10549295757317989	0.01621854566303077	0.02927072064549751	0.02441698445573460	0.21160657956079909	0.00000000000000000	0.00000000000000000	0.02698192141301572	0.09389895856327914	0.10622990038816413	0.12563265939135002	0.02663536653206913	0.00000000000000000	0.12686210113131438	0.00000000000000000	0.00000000000000000	0.00000000000000000	0.00200000000000000	0.69518618408698618	0.76663526050554409
PACA_AU_array_SA412455	0.00000000000000000	0.00023832456034596	0.14547572517909255	0.03446575932352738	0.00000000000000000	0.14960327172763543	0.09645649006572493	0.00000000000000000	0.01085485635912705	0.05815394157279956	0.02580237087390827	0.00000000000000000	0.00223513856732318	0.20242769468269087	0.07406201575654862	0.08627571471496542	0.02495628782649187	0.00000000000000000	0.08899240878981887	0.00000000000000000	0.00000000000000000	0.00000000000000000	0.00200000000000000	0.74057230822122133	0.74953819244678077
PACA_AU_array_SA518603	0.02062709619963947	0.00000000000000000	0.02504227141862450	0.00000000000000000	0.00000000000000000	0.26652063891602495	0.00000000000000000	0.03877406968537333	0.03934706914393933	0.06025635716163621	0.01924397938369330	0.00000000000000000	0.00000000000000000	0.27663339812789578	0.04653669835923815	0.14473907079365861	0.00000000000000000	0.00000000000000000	0.04137671246865309	0.02090263834162315	0.00000000000000000	0.00000000000000000	0.00200000000000000	0.60694570655578473	0.80729627180121089
PACA_AU_array_SA518615	0.00000000000000000	0.00000000000000000	0.13895968576663240	0.00000000000000000	0.00000000000000000	0.16315743376333453	0.02255012276245973	0.00947660810575633	0.00000000000000000	0.10323389594638738	0.00871031033112502	0.00000000000000000	0.24187944144978377	0.05102786769154613	0.00301809538537338	0.13473800891963472	0.00196908596981715	0.03188192161383514	0.08939752229431418	0.00000000000000000	0.00000000000000000	0.00000000000000000	0.00200000000000000	0.65173896083331717	0.79832935254200454
PACA_AU_array_SA518633	0.01543256385855647	0.00000000000000000	0.00559434530791454	0.00000000000000000	0.00000000000000000	0.00000000000000000	0.16850355156187849	0.03532379804859233	0.02595910711834877	0.03012184649145375	0.07360543654378778	0.00000000000000000	0.00000000000000000	0.36809505400773229	0.02402792510810090	0.11065307606074452	0.00000000000000000	0.08104528078559699	0.05998723647994005	0.00000000000000000	0.00132341475600693	0.00032736387134611	0.00200000000000000	0.74974344452542729	0.70985299819339398
PACA_AU_array_SA518665	0.00000000000000000	0.00000000000000000	0.15698230443292552	0.00403785483659340	0.00000000000000000	0.09163987027846593	0.08201937383947169	0.00928989132655541	0.01513981270989011	0.01536546760920486	0.04931072958329194	0.00000000000000000	0.01882568364588739	0.13135780580659775	0.04853674142616547	0.15573220141110392	0.00000000000000000	0.04773081216371159	0.17360826621097747	0.00000000000000000	0.00000000000000000	0.00042318471915768	0.00200000000000000	0.50064219831564816	0.87171703461998407
PACA_AU_array_SA518689	0.00000000000000000	0.00000000000000000	0.14044507946059576	0.00000000000000000	0.00000000000000000	0.23978202655840478	0.02243927612576752	0.00000000000000000	0.01365099635159920	0.12442559065484665	0.00000000000000000	0.00000000000000000	0.00588303311749636	0.14650712891239759	0.02690698583107220	0.15902952092894923	0.00529743764528437	0.01799780337129783	0.09763512104228848	0.00000000000000000	0.00000000000000000	0.00000000000000000	0.00200000000000000	0.70744039235139156	0.76759001408911565
PACA_AU_array_SA518695	0.02954816886420494	0.00000000000000000	0.07967535353000781	0.01692338495339802	0.00000000000000000	0.21209129312331831	0.04591362069264102	0.02623363662217432	0.00572906915142042	0.00000000000000000	0.06129413754042218	0.00000000000000000	0.04651315562046588	0.12935892817629452	0.05119344236875648	0.12682508001114490	0.02009519433300496	0.00000000000000000	0.14860553501274620	0.00000000000000000	0.00000000000000000	0.00000000000000000	0.00200000000000000	0.46487447625318074	0.88919217289676145
PACA_AU_array_SA518704	0.00000000000000000	0.01204176023577811	0.02471343051115288	0.00049525896417327	0.00000000000000000	0.05337528564944181	0.01407760060664983	0.06509986034552537	0.04488578105654949	0.07209602373748024	0.00094629139627344	0.00000000000000000	0.00000000000000000	0.16397615125265727	0.04588036020288708	0.15263059407992785	0.01401226366426365	0.00180656135418066	0.33368477600093965	0.00000000000000000	0.00000000000000000	0.00027800094211941	0.00200000000000000	0.62987554017651570	0.79470818745320948
PACA_AU_array_SA518709	0.04421754630294110	0.00000000000000000	0.04423548777745496	0.02470050471651521	0.00000000000000000	0.09089014165167249	0.02728701829149022	0.04126473937030445	0.03469752533613355	0.07594332052725213	0.00000000000000000	0.00049776616128711	0.00970680095840054	0.33324376672638256	0.09910002956445173	0.11616147484910090	0.00000000000000000	0.00000000000000000	0.05805387776661294	0.00000000000000000	0.00000000000000000	0.00000000000000000	0.00200000000000000	0.76310842359360487	0.70636090838510524
PACA_AU_array_SA518712	0.01320574780083326	0.00000000000000000	0.05130556748809988	0.00552321184340216	0.00000000000000000	0.15407472052511195	0.01831922951526814	0.03788468097985288	0.04661004640846118	0.01197191041641159	0.02745056055144365	0.00000000000000000	0.02160842629154463	0.26742374193375235	0.06979898900257255	0.14280731041164538	0.00167278249269439	0.00917032222444441	0.12117275211446155	0.00000000000000000	0.00000000000000000	0.00000000000000000	0.00200000000000000	0.71225100726313550	0.75382846036604956
PACA_AU_array_SA518716	0.01641158419361957	0.00000000000000000	0.23410375737343389	0.03264509188901436	0.00000000000000000	0.11252444074208016	0.07031996536246610	0.00913052014233417	0.02743317757286017	0.18805920624761638	0.00000000000000000	0.00000000000000000	0.00000000000000000	0.05598247939733610	0.07342311865795784	0.05568818155214422	0.02988155551782777	0.00000000000000000	0.09439692135130931	0.00000000000000000	0.00000000000000000	0.00000000000000000	0.00200000000000000	0.76788995086990219	0.71891880600515223
PACA_AU_array_SA518724	0.00014800781135749	0.04027085455836123	0.01321208176018966	0.00000000000000000	0.00000000000000000	0.15732978902083489	0.02503259777714715	0.02508107138263152	0.04536841114341144	0.00000000000000000	0.05651424290998764	0.00000000000000000	0.04113475337931787	0.25176631482677703	0.03870169559635808	0.15232008243994635	0.03727978498098947	0.03005429697353346	0.07235002534258979	0.00000000000000000	0.00184773518680605	0.01158825490976102	0.00200000000000000	0.41900894712961206	0.90751605092601328
PACA_AU_array_SA518765	0.01769351924766290	0.00000000000000000	0.03073741179665750	0.01698308585709995	0.00000000000000000	0.20038263194653741	0.02224147328924718	0.02736597774258264	0.02219982446224343	0.05646929724585757	0.03181397072746978	0.00000000000000000	0.07147238585014445	0.07584683859744656	0.14622526233417338	0.14295016385657872	0.02466029765437596	0.01971952108998951	0.09140995724674254	0.00000000000000000	0.00182838105519050	0.00000000000000000	0.00200000000000000	0.41638058239069048	0.90837927854674339
PACA_AU_array_SA518806	0.00000000000000000	0.00409679589237890	0.23701795605907197	0.00983565925303127	0.00075848234693993	0.08275934978456806	0.02859448909776346	0.01992390740344242	0.04862513161553924	0.00231573849408009	0.04983385669502673	0.00000000000000000	0.00186793702462345	0.33301693794445769	0.04212893637849413	0.06301891065091890	0.00000000000000000	0.02846240767006902	0.03386605336198896	0.01387745032760566	0.00000000000000000	0.00000000000000000	0.00200000000000000	0.67139505175780656	0.76327433703971825
PACA_AU_array_SA518817	0.00000000000000000	0.01966494032294301	0.06594590456967557	0.00000000000000000	0.00000000000000000	0.12898155567492106	0.02031646782057079	0.00000000000000000	0.04421547370551025	0.01988243237936659	0.01629507752334336	0.00000000000000000	0.00000000000000000	0.40968296990642383	0.03314658175541801	0.18374192409944129	0.01374505917695774	0.01426399321166428	0.03011761985376430	0.00000000000000000	0.00000000000000000	0.00000000000000000	0.00200000000000000	0.79091672975354532	0.66408076098810076
PACA_AU_array_SA518854	0.01074010434484558	0.00000000000000000	0.00652624328662554	0.00000000000000000	0.00000000000000000	0.11301760503763568	0.01406369080955284	0.01825224246031875	0.02686247817440406	0.05967264415779513	0.02170052116345171	0.00000000000000000	0.00000000000000000	0.36157620075074332	0.02835997530791199	0.16705564447114815	0.00000000000000000	0.01436997438374756	0.15242342143903864	0.00000000000000000	0.00000000000000000	0.00537925421278107	0.00200000000000000	0.66129141653241619	0.76638943473897847
PACA_AU_array_SA518868	0.00000000000000000	0.08324035391658716	0.12240224882045667	0.02558164792798072	0.00000000000000000	0.11443344808156322	0.03496443368951167	0.04658087418019707	0.08309799314088213	0.04595170656202453	0.00000000000000000	0.02357189307084520	0.00000000000000000	0.21001441045338082	0.07218306465192834	0.07885890924946731	0.00747731111832564	0.00000000000000000	0.05114795540070493	0.00000000000000000	0.00000000000000000	0.00049374973614460	0.00200000000000000	0.75502313427400025	0.73963558534212737
PACA_AU_array_SA518878	0.00000000000000000	0.05440051473480845	0.02173708630409115	0.01255735135959035	0.00000000000000000	0.18889548851415605	0.00374399666171495	0.00000000000000000	0.04101003178471312	0.00971276189761624	0.00000000000000000	0.04127749790753855	0.04603823530974601	0.18094956627147948	0.04054677808757932	0.08498969698984959	0.07461786225037216	0.00000000000000000	0.18706262986966718	0.00000000000000000	0.00000000000000000	0.01246050205707737	0.00200000000000000	0.44449332894173632	0.89636811372251135
PACA_AU_array_SA528670	0.00857193796549684	0.00000000000000000	0.09939578128831313	0.00000000000000000	0.00000000000000000	0.10892911814748345	0.04309346324773821	0.01794131308896880	0.04454747775564542	0.05362476283689495	0.04634597389953234	0.00000000000000000	0.00000000000000000	0.28508848916393914	0.05069995667010265	0.16561312442360449	0.00000000000000000	0.00000000000000000	0.02896906674130036	0.03883937855979711	0.00000000000000000	0.00834015621118318	0.00200000000000000	0.73886247655220871	0.72994710794894269
PACA_AU_array_SA528676	0.00267606873087867	0.00415815158474167	0.00646118260606265	0.00313779715945218	0.00000000000000000	0.14366553070349086	0.00780664675458627	0.00000000000000000	0.00738039662059923	0.00000000000000000	0.03558266579894770	0.00000000000000000	0.06180989404758437	0.54163055082073475	0.00000000000000000	0.06556432579239967	0.01045626493257877	0.04075369979256937	0.06544128348020262	0.00347554117517121	0.00000000000000000	0.00000000000000000	0.00200000000000000	0.77833171097544140	0.65202095909339375
PACA_AU_array_SA528687	0.00000000000000000	0.02091333267674910	0.15724699558190822	0.01626017645761351	0.00000000000000000	0.10658483215204448	0.00414063890235250	0.00584361288882130	0.02781025401295645	0.01969305415713679	0.00294167458240159	0.00000000000000000	0.01194772735057632	0.36218675082879764	0.04149156019562903	0.15988065374059468	0.00088415059050589	0.00000000000000000	0.06217458588191239	0.00000000000000000	0.00000000000000000	0.00000000000000000	0.00200000000000000	0.83244950681078711	0.64574394183009076
PACA_AU_array_SA528693	0.00000000000000000	0.00000000000000000	0.08592017528046551	0.00364375865131088	0.00545295230850375	0.05406009822685470	0.16847697028337252	0.01758927640569470	0.00000000000000000	0.00148181417186322	0.11635906890693547	0.00150313138130459	0.02291821787271119	0.12706942478774982	0.09474590883912072	0.12049499438532899	0.00121608098213189	0.12961846471678709	0.04944966279986489	0.00000000000000000	0.00000000000000000	0.00000000000000000	0.00200000000000000	0.57129805430121894	0.83122738438446653
PACA_AU_array_SA528695	0.01731570815509378	0.01568456002661812	0.01435338547070178	0.00195221564261187	0.00000000000000000	0.13845811621548856	0.01917191480744322	0.04675394324525081	0.05933505257134378	0.00000000000000000	0.09461007522452508	0.00000000000000000	0.00830493253064055	0.37087478102813570	0.03418900137119977	0.11205357565894902	0.00000000000000000	0.01062155057267790	0.03263095892013320	0.02238601036640294	0.00000000000000000	0.00130421819278406	0.00200000000000000	0.46658100479097692	0.88434523054942094
PACA_AU_array_SA528697	0.00672611337804617	0.00000000000000000	0.04431925774372313	0.00000000000000000	0.00000000000000000	0.29238573867122902	0.00835279446355932	0.00000000000000000	0.00000000000000000	0.00000000000000000	0.02416114785152641	0.00000000000000000	0.01561473918585663	0.32891427144668606	0.01680458196249066	0.16330330804420251	0.00275221471393352	0.02143174350849710	0.07523408903024967	0.00000000000000000	0.00000000000000000	0.00000000000000000	0.00200000000000000	0.54925643797913470	0.83847951042155988
PACA_AU_array_SA528755	0.01126768818260116	0.00085230529566769	0.07862901507445184	0.04148615995001071	0.00000000000000000	0.12619747713827706	0.04045075835685395	0.02384230792988433	0.04069051023799766	0.01938629099448310	0.00580618351890381	0.00910820297364707	0.01686157419043186	0.17311927574303240	0.07248865129681183	0.17281833162108173	0.00406311752939069	0.03587004443291344	0.12420324315727974	0.00000000000000000	0.00000000000000000	0.00285886237627978	0.00200000000000000	0.55011007380546217	0.84714792680785223
PACA_AU_array_SA528761	0.01585500420642016	0.00000000000000000	0.03087462046909739	0.01804891323729538	0.00000000000000000	0.22862664270442509	0.07027870494551169	0.00000000000000000	0.00570592189977178	0.11255970001824855	0.01355451138104637	0.00000000000000000	0.00123594798148939	0.14722380482951217	0.08959783545596493	0.05860101369560335	0.02346498001839732	0.03051636481194688	0.15385603434526954	0.00000000000000000	0.00000000000000000	0.00000000000000000	0.00200000000000000	0.63730775304874299	0.80030049117285440
